5 1
4 2
3 1
-1 1
1 1
2 1
0 1
0 1
0 3
1 1
12 1
3 1
17 1
6 1
3 1
1 1
0 1
0 1
0 1
3 1
3 1
0 1
-3 1
1 1
1 1
4 4
2 4
-1 1
1 1
3 5
-3 1
-1 1
1 -1
0 0
0 0
0 0
0 0
-2 -7
0 0
0 -1
0 0
4 -2
-4 0
2 0
2 -1
1 0
0 0
-1 -1
0 -1
0 -1
0 -1
-1 -1
0 0
1 -2
-1 1
1 1
-2 -3
1 -3
3 1
3 -4
5 1
0 0
-2 5
-1 -1
1 -2
0 -1
0 -1
0 -1
0 -1
1 0
0 -2
0 -4
0 -8
-1 -3
0 -2
0 -4
-8 1
-4 -1
1 -1
0 -1
0 0
0 -1
0 0
0 0
-1 -1
4 1
0 -1
-4 0
0 0
-4 0
1 0
3 1
5 1
5 -3
-1 1
-1 1
1 -10
0 -1
0 -1
0 -1
0 -1
1 -1
0 -4
0 -2
0 0
0 -2
0 -4
2 0
0 1
-1 1
-4 0
1 -1
0 1
-3 1
-5 -1
12 0
9 1
1 -1
3 0
1 -1
0 0
0 -2
0 -1
1 -4
4 2
0 -3
0 -3
-8 -2
1 2
0 -1
2 -2
0 1
1 1
0 -1
0 -1
0 -1
0 0
0 -7
-1 0
1 3
-5 3
0 -1
-5 -4
0 1
2 -1
2 0
1 0
3 0
1 0
-5 1
5 0
0 0
1 0
3 3
0 -2
2 0
1 0
-1 -3
0 -6
-1 -1
1 0
0 -1
0 -1
0 0
0 2
0 -1
0 -1
0 -2
0 0
0 -8
-1 -2
-2 0
-4 0
0 -3
0 0
3 -1
11 0
7 0
3 0
1 -1
1 0
0 0
3 0
1 0
-1 0
2 1
-2 -5
1 -2
1 -1
2 -1
4 -4
-1 -1
1 1
0 0
1 0
-1 -1
0 0
0 -2
0 -1
0 -3
0 5
0 4
0 2
-2 -6
-4 0
0 2
1 -1
2 -2
0 -1
7 0
3 -1
3 -1
8 0
4 0
2 0
-4 -6
1 5
2 0
0 -4
2 0
-1 -4
1 -3
-3 0
-1 -1
3 -1
-7 -1
8 0
-1 -1
7 -1
0 -1
0 -1
0 -1
0 2
0 5
0 -1
-1 -5
-1 0
1 -1
0 2
3 -2
3 -2
1 0
2 0
1 3
-3 -3
1 7
3 15
1 -3
2 -2
2 -2
0 -5
-1 -3
0 -4
-1 -4
-6 0
-1 -1
12 0
23 0
16 0
20 0
12 0
11 0
-1 -1
0 -1
0 2
0 -4
-2 0
0 2
0 -7
-8 -5
0 3
1 -1
-3 1
5 3
0 -8
2 -2
2 -1
2 1
2 6
0 -9
0 -7
0 -8
0 -7
0 -2
-1 -4
-1 -1
-4 0
-1 -1
1 -1
10 0
1 -1
-16 -2
8 0
1 -1
3 -1
1 -1
0 -1
0 -10
0 -3
0 4
-1 -1
2 -2
3 -4
1 5
-2 -1
1 -2
3 0
4 0
0 -6
0 -8
3 0
2 1
1 -1
2 -4
1 -5
5 1
3 1
-2 -5
4 -1
-1 -1
1 -1
-7 -1
4 -1
7 -1
-1 -1
3 -1
11 0
4 -1
0 -1
0 -1
-1 0
1 1
0 -7
1 -1
0 2
3 0
0 9
2 -2
1 -1
2 -2
2 1
1 -10
0 6
3 3
1 -3
4 0
0 -11
5 1
0 -3
7 1
3 -1
-1 -1
1 -2
-2 1
0 0
1 8
-1 2
-1 2
2 5
-4 5
-2 3
0 -6
0 4
1 -2
-4 -4
1 1
1 -1
8 -3
4 -1
3 -1
3 -1
2 -1
-1 -6
0 -5
0 0
1 -5
1 -3
2 -2
2 4
4 -2
-1 -4
7 0
-4 -4
-1 -1
1 -8
0 1
-1 1
0 -1
0 -8
0 2
1 -1
0 3
0 2
1 -10
1 -3
0 10
1 -1
4 -1
-1 -4
2 -1
0 -1
2 -2
3 -2
2 -1
2 -1
-1 1
2 -3
2 -2
1 -2
2 -1
0 0
1 -1
0 -3
0 -3
5 0
-1 -1
1 -5
0 5
2 -3
1 3
-1 -1
0 -2
2 0
-1 -10
-1 -5
1 4
1 -7
0 4
1 -3
3 -2
1 -3
4 0
2 -2
4 -2
2 -2
7 -3
2 -2
4 2
1 -3
1 -2
1 4
2 -1
1 -3
7 8
0 -2
4 -4
-7 -4
-1 -1
1 -12
0 0
0 1
0 -5
-2 3
-2 -5
3 6
1 4
0 1
-1 1
0 3
0 0
0 -4
-7 -5
-7 -1
-1 1
1 3
2 -2
1 -3
4 -2
2 -3
3 -2
1 -3
1 -3
2 -2
1 -1
1 -1
5 6
1 -1
1 -4
-3 -2
-1 -1
1 -9
-2 1
0 -4
-1 -1
-1 -1
-1 5
4 -5
0 -4
0 -4
-1 -1
1 -1
0 0
0 0
4 0
1 -3
0 6
5 5
3 3
-1 -4
2 -2
2 -1
-1 3
0 3
1 -4
1 0
-4 0
0 0
1 -4
0 -7
0 -4
2 0
-1 -1
1 -1
1 2
0 13
0 -5
0 -3
0 -4
2 -3
5 4
0 -5
-1 -2
0 10
0 -2
0 -2
2 -4
3 -6
2 0
4 -3
4 2
3 -3
2 -2
-3 -1
1 -1
0 -1
2 1
4 -9
1 -1
1 -1
2 0
6 -2
-4 -5
1 -6
-1 -1
3 17
0 8
-1 1
3 -7
1 -3
0 0
0 -5
0 0
0 -3
-1 -3
0 0
2 7
1 6
1 -7
-6 -10
3 -2
2 -3
4 2
1 -4
1 -1
-3 8
-1 11
0 -2
0 3
1 -2
1 -1
1 0
0 -2
4 0
-1 -1
-11 -11
-1 0
1 -2
2 1
-1 3
0 -3
1 -4
0 -4
0 -2
1 2
0 -2
-1 -4
0 -4
0 1
-4 8
1 -1
0 3
3 -3
1 -1
0 1
4 2
2 0
1 -2
1 1
2 4
0 -2
2 -8
1 -1
0 -1
1 4
0 -6
1 -1
-1 -7
-1 -1
2 0
1 -8
0 -3
-1 -5
4 6
0 -4
1 -7
-1 -4
1 5
0 5
1 0
1 0
0 4
0 -8
2 -3
2 -3
1 -3
2 -2
4 -11
1 -7
0 -1
0 6
2 -2
1 -1
0 -3
3 4
0 2
-1 5
8 -6
4 -8
3 1
-1 -1
2 -1
1 -9
5 -9
0 -4
3 11
0 4
-2 -4
0 -1
0 -2
-1 -5
0 -4
0 -7
0 -4
0 -5
3 -1
2 -2
2 -2
2 -3
1 -3
3 -3
0 5
-1 5
3 -5
-1 6
1 -1
1 -1
0 2
1 1
-3 0
-5 -2
-2 -8
-2 -8
1 -13
0 -8
0 -2
0 -8
1 -6
0 -5
-1 -8
1 -6
0 -16
-2 -1
1 -3
-4 2
1 -4
1 4
0 -5
1 -3
2 -2
-11 -1
0 3
0 -1
1 0
3 -5
3 -5
1 0
0 0
1 -1
0 -1
1 -1
-3 -8
0 -1
2 -4
-1 -1
1 -3
2 -7
1 -1
0 3
1 1
0 6
0 -11
1 -3
1 -3
0 0
-1 -6
-2 -1
-3 -4
-1 0
0 -5
1 -4
3 -3
0 -2
1 -3
2 -4
2 -7
1 -1
3 -3
1 -1
0 -1
0 1
1 -1
4 0
-4 -15
0 -25
0 -2
-1 0
1 1
1 -1
-1 -1
1 1
1 -5
0 -3
2 -3
1 -12
0 -4
-6 0
-8 0
-10 0
-11 0
-12 0
2 -2
1 -3
1 -4
1 -3
1 -1
1 -2
1 -2
0 2
0 -1
-1 1
0 -1
-1 1
-2 -1
4 0
3 0
0 -16
4 2
-8 -10
1 -4
1 -3
0 -9
2 -5
1 -1
0 -3
1 -3
-1 -1
-9 -1
-14 0
8 0
-11 0
1 1
-1 0
4 0
0 -4
7 -5
3 -4
-3 0
8 0
3 -3
1 -3
-1 -1
0 -2
1 -3
0 -8
7 0
0 -1
1 -1
3 -1
3 -1
-1 -5
1 5
1 -5
1 0
0 -1
0 -3
1 -3
0 -2
-2 -1
-1 -4
8 -8
2 -4
0 -3
1 0
-1 -1
0 0
0 -1
1 -3
8 -4
1 -3
2 -4
-5 0
-4 0
0 -2
0 -2
5 -4
-9 0
0 0
-2 -1
-2 0
5 -1
6 0
-1 -1
1 3
0 -1
-1 7
0 -6
-1 -8
0 -2
0 -2
1 -4
-9 -1
-2 -2
-1 -1
0 -2
0 -3
0 -4
0 -2
0 0
0 1
0 -4
8 -6
3 -4
2 -4
1 -4
0 -2
6 0
5 0
1 1
0 -2
1 -2
0 1
4 0
1 -8
-1 -1
1 1
0 -2
0 10
1 -1
0 -2
0 -1
-3 1
-3 5
0 -3
-3 -2
6 2
4 -8
-4 0
-4 11
1 -6
0 -1
1 -3
1 -3
0 0
3 0
-1 -3
0 -2
0 -2
1 4
0 0
4 -2
0 1
4 -4
-8 7
1 12
0 -4
-4 15
4 -1
1 -1
0 16
0 0
1 -3
0 0
-2 3
2 -1
4 -4
-2 -10
2 -3
2 0
-3 0
3 1
0 -1
0 0
1 -3
0 -3
1 -2
0 -1
1 -2
0 -2
3 -1
1 -1
0 -1
0 -3
0 -4
-1 5
1 7
-5 7
-2 -2
-3 7
1 8
0 0
1 -4
0 -1
0 0
1 -3
-4 -2
0 -2
-5 4
0 -4
0 1
1 -3
0 -2
-2 0
0 1
0 -1
0 -2
0 -1
0 -2
1 -2
0 -2
0 -1
3 -7
-3 3
0 -3
6 -4
-3 -1
0 -1
-1 -1
0 0
-1 0
-4 1
1 2
-2 -5
1 -5
1 -3
0 -1
0 -4
-4 0
2 0
0 3
0 -1
-12 4
0 -1
0 -1
2 -5
0 0
1 -3
1 -3
1 6
1 3
1 -7
0 -2
0 -1
-1 -1
3 2
-1 -5
2 0
2 -2
1 -3
4 -10
-1 -1
-4 4
-2 1
1 -1
0 -1
0 -2
1 -3
0 -2
0 -2
-1 -2
2 -2
1 -3
0 -1
0 -5
-1 -1
-1 -3
0 -1
0 -1
0 -1
1 -3
1 -1
1 -3
1 -4
0 -3
8 -4
-3 -4
1 -1
0 -8
0 -3
1 -3
-1 -2
0 -4
0 -1
-2 -4
-1 -1
