2 1
3 1
4 1
0 1
1 1
-1 1
0 6
0 2
0 1
10 1
0 1
11 1
5 1
5 1
3 1
3 1
3 1
0 1
0 2
4 4
8 1
-3 1
19 3
10 7
2 1
3 1
4 1
4 2
4 4
1 6
-7 1
-1 1
1 0
0 0
0 0
0 0
0 0
-1 -6
0 -3
0 0
0 4
0 0
1 0
-1 -1
-4 0
-2 0
1 -1
2 1
1 0
0 -1
0 -1
1 1
2 0
-1 0
0 -1
2 0
0 -1
0 -4
1 0
-2 0
1 0
0 4
-5 7
-1 -1
1 -1
1 -1
0 0
0 -1
0 -1
0 -1
0 -6
0 -2
0 4
0 -1
4 1
-7 -5
-1 1
4 2
1 -1
0 -1
0 -2
0 -2
1 -1
0 0
-3 -1
0 -1
0 0
-1 -1
-2 -2
0 0
1 0
1 0
-1 -2
-3 0
-3 -3
-1 -1
1 -1
0 0
1 0
0 -1
0 0
-1 -1
0 0
0 -2
0 -2
0 -3
2 -4
-2 -1
0 -4
0 -6
0 -3
1 1
1 0
0 0
-1 0
0 0
2 0
0 0
2 0
0 0
0 -1
0 -1
0 2
1 -1
-1 -4
1 0
-1 2
-1 -1
1 3
0 0
0 0
0 0
0 0
0 0
0 -1
0 -2
0 3
0 -4
0 -3
4 -1
-2 -1
4 -4
1 -9
1 1
3 -1
2 0
2 0
5 0
1 0
2 0
0 0
1 0
0 -1
-1 -1
5 2
3 2
1 0
1 0
0 -1
-1 0
1 1
1 2
0 0
-1 -3
1 2
1 1
0 0
0 -2
0 2
0 -5
0 1
0 -2
-4 4
3 -1
2 -1
2 0
1 0
-8 0
1 -1
2 0
2 0
1 0
-3 0
3 0
0 4
1 0
1 4
0 0
0 -2
0 -2
1 -3
-1 0
1 1
1 0
-1 0
0 -1
-1 -1
0 1
0 -1
0 -2
0 21
0 0
1 8
0 -1
-7 0
0 1
2 -1
7 0
2 0
4 0
3 0
-3 0
2 0
0 1
3 1
3 2
1 0
1 -1
0 2
1 1
1 -1
-1 -4
-1 -1
-4 0
4 0
2 0
0 0
-3 0
0 0
-1 0
0 0
0 -3
0 1
0 -2
1 -4
-1 3
-3 -6
0 3
0 1
1 1
7 0
4 0
2 1
0 2
3 0
8 3
2 1
1 0
2 -2
0 -3
1 0
0 -1
2 1
1 -1
-2 1
-1 -1
1 0
8 1
0 0
-8 0
0 0
-4 0
0 0
1 1
0 0
0 -4
0 0
0 0
-2 -6
-3 7
1 0
1 0
3 0
2 -2
2 -2
1 1
3 -1
0 -1
2 4
0 -9
0 -5
1 0
1 -3
-1 -3
1 0
-3 -5
-3 0
-6 -6
5 0
0 0
1 0
-1 0
-6 0
-4 0
4 0
0 0
0 -3
0 -4
-1 -1
-2 -4
0 1
0 2
3 -2
3 -1
2 0
0 -1
1 -1
1 1
-2 3
4 8
1 0
0 -10
0 -11
1 4
0 -8
2 1
0 -1
0 1
-4 0
-1 0
2 0
-4 0
0 0
-7 0
0 0
1 0
0 0
-1 0
0 0
0 -1
0 1
1 0
0 4
1 -3
0 -2
5 0
1 0
3 0
1 -3
4 5
1 -16
0 -9
2 -1
2 -8
2 1
1 -1
0 -4
0 0
2 3
1 0
-4 0
-11 -7
1 0
-2 0
3 0
3 0
2 0
-1 0
-1 0
3 0
0 0
-5 5
0 -2
0 -5
1 7
0 5
4 -6
4 5
2 0
1 0
1 -1
1 8
2 0
0 2
1 -3
0 -3
1 0
2 1
0 0
-1 -1
-1 -1
3 0
-2 -1
-13 -8
1 -7
0 -1
-5 1
-3 0
0 -2
1 5
0 8
-4 2
0 12
0 0
0 -9
2 -2
2 -1
2 -1
1 0
5 2
2 -1
2 -1
2 0
1 -1
1 0
0 -4
0 4
2 0
1 0
2 0
1 -3
2 3
0 0
1 0
0 0
-1 0
1 -1
-1 -3
0 -1
0 -4
0 0
-2 0
5 0
-1 -4
-1 4
-1 -8
0 -4
2 12
1 -1
3 0
2 0
2 0
0 0
3 0
2 0
2 -1
1 0
2 -1
1 -1
0 1
1 0
1 0
0 1
1 1
-2 -1
0 -1
-1 1
-9 -4
1 -10
0 4
0 1
0 -4
0 1
0 3
1 1
1 -2
-1 2
-1 0
0 11
1 3
0 -1
-3 -3
2 -1
2 0
2 0
3 0
0 0
3 -1
2 2
-1 2
1 2
2 -1
3 -1
2 0
1 -1
2 5
1 -3
1 0
-1 0
-1 0
1 -5
-1 -5
0 -5
-8 0
0 -8
1 -9
2 -1
0 0
0 -4
1 4
0 2
0 -4
0 5
1 -2
-1 5
1 1
1 3
2 -1
8 0
0 0
2 -1
0 -4
-2 1
1 -1
1 0
3 0
-1 5
0 1
0 6
-1 -3
-2 0
-3 0
1 0
-4 8
0 -7
-2 -8
0 4
-3 0
0 1
0 0
0 0
0 -8
1 3
0 -1
1 -1
4 -4
2 1
1 7
1 -4
1 -1
2 0
1 -1
1 1
0 2
2 2
1 1
1 0
0 1
1 1
-1 0
1 4
-1 -4
3 -1
-1 -1
1 -6
0 0
0 0
0 4
-1 1
-5 -5
1 -5
1 -1
0 2
0 -1
0 4
0 -4
1 0
2 0
1 1
2 -2
-1 -7
0 -3
1 -1
1 -1
2 -2
2 -3
1 -1
1 -1
-1 1
2 -2
0 2
0 -2
1 0
0 0
-3 -3
-1 -1
1 -3
-2 3
-1 -11
-4 8
9 6
0 0
1 -1
1 1
0 2
0 4
4 -14
1 5
0 -4
0 5
2 -1
3 -2
-1 -1
0 -4
0 1
0 2
0 4
1 -3
1 1
0 5
0 -1
0 3
0 3
0 10
0 4
0 4
0 -1
-1 0
1 7
-1 -6
1 1
0 1
4 -1
0 2
-1 3
0 -4
-1 5
0 -4
1 -3
0 -4
0 -6
1 -1
2 0
2 -1
1 0
2 -1
0 -3
1 -6
0 2
0 7
1 -6
1 1
0 0
3 1
-1 3
-1 -2
0 -4
1 -4
4 0
-1 -1
1 5
0 1
1 0
0 0
0 -2
0 1
0 1
2 -4
0 -3
0 1
0 7
0 3
-2 -4
0 -3
5 1
1 -1
3 -2
3 0
0 -12
0 3
1 1
0 0
0 2
1 1
1 1
-2 -4
-1 -8
0 3
0 -8
1 4
1 -4
-8 -9
1 1
-1 -3
0 -1
1 7
0 -1
0 2
-2 3
1 5
0 6
0 4
1 3
2 -2
-1 -8
1 1
2 0
0 -1
-8 0
0 0
1 0
1 0
0 6
1 -1
0 0
0 2
1 0
1 1
0 -4
-1 0
-3 -4
1 -2
4 -4
-4 -16
1 17
-1 0
0 -4
1 4
0 -3
-1 -6
-1 -2
0 3
0 8
0 -4
1 1
-4 6
0 6
1 0
1 -1
0 0
1 -1
2 1
-5 4
0 3
1 1
0 1
1 -1
1 -1
0 0
0 0
-1 -1
1 1
2 -8
-4 -4
-5 -1
-1 0
1 1
0 5
-1 0
-1 1
0 -2
-1 -2
0 3
0 -4
-1 -7
1 -2
-1 0
0 0
0 -1
-1 0
0 -2
3 0
1 0
2 0
1 0
1 1
0 1
-1 2
0 2
1 -1
0 0
-1 3
-1 0
-1 -1
0 -2
-2 1
0 8
-1 0
1 18
-1 1
0 3
0 3
0 1
0 -3
2 0
0 -6
-4 0
-2 0
-1 0
1 0
-1 0
-2 0
1 -1
1 0
-1 0
1 -1
1 -1
1 0
1 0
3 -2
0 0
0 0
0 0
-1 -5
-2 1
-1 -1
-1 -1
0 0
0 -5
-6 -1
1 0
0 5
1 2
0 4
0 -2
-4 -1
-1 1
-1 0
0 0
-1 1
-3 3
1 0
-1 0
-1 -1
0 -1
2 0
0 0
0 0
2 -2
-1 -1
0 -1
1 0
1 -1
0 0
3 0
-4 0
6 -1
-3 4
1 0
1 0
0 0
-8 -4
1 6
0 1
1 -6
2 7
1 1
0 0
-1 1
0 -1
-2 7
5 -4
-4 1
0 2
-2 2
1 -1
0 1
0 -1
1 0
1 0
0 0
0 0
0 0
0 0
0 0
0 0
-1 0
1 -1
0 0
-2 3
0 4
2 2
4 -2
-1 -1
1 5
0 0
0 5
-1 1
0 0
-1 1
1 1
7 0
0 0
1 1
1 0
0 10
1 0
0 0
0 -2
0 0
0 -1
1 -1
-1 0
0 0
0 0
-1 1
0 0
1 0
-2 -2
-1 -3
0 -5
-1 -3
18 0
0 0
0 0
-1 -1
1 6
0 5
0 1
-1 -3
0 0
0 0
1 -1
0 0
0 2
0 -4
-1 -1
0 -3
1 -1
0 -1
0 0
0 0
0 0
0 -1
0 0
1 0
0 0
0 0
0 0
0 -5
-1 -3
0 -4
0 0
4 0
-2 8
0 -4
1 0
-1 -1
1 11
-5 -2
0 3
1 -3
0 -1
0 2
-1 -1
1 0
1 0
0 -3
-4 0
1 3
0 0
1 0
-1 1
0 0
0 0
0 0
1 -1
-1 1
0 0
0 0
1 -1
-1 -1
0 1
-1 0
0 2
-1 4
0 0
0 -1
0 0
-4 -2
1 4
0 5
-1 -1
0 -1
0 -1
0 -1
-1 1
1 0
0 2
-1 1
0 -8
4 0
-2 4
-1 0
0 0
0 -1
1 -1
1 0
0 5
1 -1
0 0
0 0
1 -1
4 0
0 -1
1 0
1 -1
0 -1
-1 -1
2 0
2 -4
-1 0
1 -1
-1 -1
0 -1
0 -1
0 -1
1 -1
4 -4
-1 -3
0 -4
0 -1
1 -4
-1 -1
-1 -1
1 -1
0 -1
1 -1
1 -1
0 -1
0 -1
1 -1
0 -1
1 -1
0 -1
-1 -1
0 -1
-1 -1
-1 -1
0 -4
-1 -1
1 -1
0 -1
-1 -1
