0 0
0 0
0 0
0 0
0 0
0 0
0 0
0 0
0 0
0 0
0 0
0 0
0 0
0 0
0 0
0 0
0 0
0 0
0 0
0 0
0 0
0 0
-8 0
64 48
0 0
0 0
0 0
0 0
0 0
0 0
0 0
0 0
0 0
0 0
0 0
0 0
0 0
0 -8
0 0
0 0
0 0
0 0
0 0
0 0
0 0
0 0
0 0
0 0
0 0
0 0
0 0
96 72
16 8
0 0
48 32
0 0
0 0
48 40
0 0
16 24
24 8
0 8
0 0
-24 0
0 0
0 0
0 0
0 0
0 0
0 0
0 0
0 0
0 -8
0 0
16 8
136 152
0 0
0 0
104 120
0 0
0 0
0 0
0 0
0 0
72 56
0 0
56 48
-8 0
0 0
24 24
0 0
0 0
0 0
0 0
0 0
0 0
0 0
0 0
0 0
0 0
0 0
0 0
0 0
0 0
0 0
0 0
-56 88
-72 72
0 0
0 0
-104 112
128 152
0 0
0 0
0 0
0 0
0 0
0 0
0 0
0 0
40 40
-40 -16
-16 -8
-16 -8
8 16
-16 -16
0 8
-24 0
0 0
0 0
0 0
0 0
0 0
0 0
0 0
0 0
0 0
0 0
24 0
-64 72
8 -8
-8 16
-88 96
-104 72
0 0
0 0
0 0
0 0
0 0
0 0
0 0
0 0
0 0
0 0
-48 -24
0 0
24 16
0 0
-16 -8
-40 -24
0 0
0 0
0 0
0 0
0 0
0 0
0 0
0 0
0 0
0 0
0 0
8 0
0 8
-24 0
-56 96
0 0
0 0
0 0
0 0
0 0
0 0
0 0
0 0
0 0
0 0
0 0
0 0
-56 -32
24 16
-16 -24
-56 -40
0 8
0 0
0 0
0 0
0 0
0 0
0 0
0 0
0 0
0 8
0 0
16 24
0 8
0 8
-24 8
0 0
0 0
0 0
0 0
0 0
0 0
0 0
0 0
0 0
0 0
0 0
0 0
0 0
0 0
-24 -24
16 8
-56 -40
-24 -8
0 0
8 0
16 0
8 0
8 0
0 0
0 0
0 0
0 0
0 -8
-40 40
0 8
8 -16
-64 56
0 0
0 0
0 0
0 0
0 0
0 0
0 0
0 0
0 0
0 0
0 0
0 0
0 0
0 0
0 0
-24 -24
-56 -40
-16 0
8 0
8 0
16 0
16 0
16 0
8 0
0 0
0 0
0 0
0 0
0 0
0 0
0 0
0 0
0 0
0 0
0 0
0 0
0 0
0 0
0 0
0 0
40 80
0 0
0 0
0 0
0 0
0 0
16 16
16 8
-16 -8
-88 -56
0 0
0 0
16 0
16 0
16 0
16 0
8 0
0 0
0 0
0 0
0 8
-40 16
8 -24
-24 -8
0 0
0 0
0 0
0 0
0 0
0 0
0 0
0 0
0 0
0 0
0 0
0 0
0 0
0 0
16 16
0 0
8 8
0 0
0 0
16 0
32 0
32 0
24 0
16 0
8 0
0 0
0 0
0 0
0 32
0 56
-56 8
0 0
0 0
0 0
0 0
0 0
0 0
0 0
0 0
-80 88
0 0
0 0
0 -8
0 0
0 0
0 0
0 0
-64 104
0 0
-16 -8
0 80
0 0
64 -72
-8 24
0 8
24 32
40 48
-16 24
32 48
0 32
24 64
0 56
0 0
0 0
0 0
0 0
0 0
0 0
0 0
0 0
0 0
0 0
0 0
0 0
0 0
0 0
0 0
0 0
0 0
-8 -8
0 0
-24 -16
0 64
0 0
0 0
-8 16
32 56
0 8
0 0
0 8
0 0
0 0
0 16
0 32
0 0
0 0
0 0
0 0
0 0
0 0
0 0
0 0
0 0
0 0
0 0
-104 -96
0 0
0 0
0 0
0 0
24 24
0 0
-16 -8
-24 -16
0 0
0 -8
0 0
0 0
64 -48
32 40
24 24
-16 -16
0 0
0 8
0 8
0 40
0 56
0 0
0 0
0 0
0 0
0 0
0 0
0 0
-16 40
0 0
-176 -16
64 32
0 0
0 0
0 0
0 0
0 8
0 0
-8 0
-24 -16
0 24
48 64
0 -8
0 -8
0 0
0 -8
40 -16
0 0
0 -8
0 0
24 24
-16 32
0 24
0 8
0 0
0 0
0 0
0 0
0 0
-16 -40
0 0
0 0
0 0
0 0
0 0
0 0
-88 -96
0 0
-200 48
16 8
8 8
-24 -16
0 8
48 40
8 8
80 -88
0 16
0 -16
0 -8
8 0
0 -24
32 24
0 0
0 24
-16 -40
0 0
0 0
0 0
0 0
0 0
0 -8
-24 -40
0 0
0 0
0 0
0 0
0 0
-200 -24
-184 40
24 40
16 16
8 16
0 8
-64 -32
0 8
0 16
40 16
0 8
64 -56
0 -24
48 -16
48 -88
0 -16
0 -24
24 24
0 0
-16 24
0 -8
0 0
0 0
0 0
0 -8
0 0
0 0
0 0
0 0
0 0
-176 88
0 0
0 0
0 0
0 8
0 40
-8 24
-8 24
-16 -8
0 0
0 -8
8 0
-8 8
32 -8
0 0
32 -88
-16 8
0 -8
-24 -24
0 -8
0 -40
0 0
0 -16
0 0
0 0
0 0
0 0
0 0
0 0
0 0
0 0
0 0
-176 104
0 0
-176 48
0 0
-200 -40
24 40
-8 0
0 8
0 8
0 0
0 0
56 24
-8 -24
0 0
16 -16
0 -8
0 -8
0 -8
0 0
0 -56
0 0
0 -8
0 0
24 -88
0 0
0 0
0 0
0 -24
-32 -88
0 -16
0 0
0 0
0 8
0 0
0 0
-136 24
-160 0
-104 -120
0 32
0 24
-208 48
0 0
0 0
0 0
0 0
-24 -32
-16 -16
-32 -8
-32 -24
0 -16
-16 -48
0 -24
0 -48
0 -16
0 -16
0 0
0 0
0 0
0 0
0 0
0 0
0 0
0 0
0 0
0 0
0 0
0 0
-120 -88
-160 -8
0 8
8 24
-152 -136
-208 40
232 -48
24 24
0 0
216 0
0 -8
-16 -24
-32 -16
0 -16
0 -16
-32 -32
0 -8
0 -56
0 -24
0 0
0 0
0 0
0 0
0 0
0 0
0 0
-24 -48
0 0
0 0
0 0
0 0
0 0
-120 -104
-200 -56
-8 -16
8 16
8 16
-160 -144
0 0
0 0
208 -16
216 -16
0 -8
-24 -48
0 -8
0 -8
0 -8
16 -112
0 0
-16 -24
-32 -72
0 -16
-40 -32
-8 -16
0 0
0 0
0 0
16 -32
0 0
0 0
16 -48
0 0
0 0
0 0
-168 -136
-200 -24
-8 -24
8 8
8 8
-32 -32
0 -8
0 -8
224 -24
-8 0
0 -16
0 0
-8 0
0 0
-32 -80
-24 -32
-32 -40
-40 -48
-8 0
-8 0
-8 0
0 0
0 0
0 0
0 0
0 0
0 0
0 0
0 0
0 0
0 0
0 8
16 8
16 8
16 8
-136 -152
-128 -160
-32 -32
0 -8
-8 -32
0 -8
-8 -8
0 0
0 -8
-8 -8
0 0
-8 0
-8 0
-8 0
0 0
-8 0
-8 8
0 0
0 0
0 0
0 0
0 0
0 0
0 0
0 0
0 0
0 0
0 0
0 0
8 0
0 0
-184 -144
-24 -16
-208 -16
-192 -24
0 -8
0 -8
8 0
0 0
0 0
0 0
0 0
0 0
0 0
168 56
152 40
0 32
0 0
0 0
72 48
0 0
0 0
0 0
0 0
0 0
0 0
0 0
0 0
-16 32
8 -8
0 -16
8 -8
0 0
0 0
0 0
-192 -144
-16 -8
0 -16
0 -8
0 -8
216 -80
-32 -56
0 0
0 0
176 8
-16 24
-8 8
-8 0
0 0
0 0
0 0
0 0
0 0
0 0
0 0
-32 -192
0 0
0 0
0 0
0 0
0 0
0 0
0 0
0 0
0 0
-120 0
-176 16
-56 16
-160 24
8 24
0 -16
0 -8
-8 -8
0 0
0 0
192 40
16 40
24 40
0 0
0 0
152 -8
0 0
112 24
0 0
0 0
0 0
0 0
0 0
0 0
0 0
0 0
0 0
0 0
0 0
-176 -168
0 0
-112 24
-144 0
-56 40
-176 0
-80 32
8 16
0 0
8 0
-8 -8
0 0
0 0
0 0
128 16
24 24
144 16
0 0
0 -24
136 16
0 0
0 0
0 0
0 0
0 0
0 0
0 0
0 0
0 0
-8 16
0 0
-120 -16
0 0
0 0
-144 32
-120 24
-16 16
0 0
-200 8
0 -16
-8 -32
0 0
0 0
0 0
0 0
128 24
8 -16
152 8
-8 -16
8 -8
0 0
0 0
-16 -8
0 0
0 0
0 0
0 0
56 -152
0 0
0 0
0 0
-104 -8
-120 -16
-80 -16
40 8
0 0
-112 -16
-32 16
-152 8
-48 24
-200 16
0 -8
0 -8
0 0
0 0
0 0
0 0
16 -24
8 -8
0 0
8 -24
168 -16
-16 0
8 -16
88 -16
0 0
0 0
0 0
0 0
0 8
0 0
0 0
-8 16
-128 -8
-112 16
0 0
-16 -24
-104 8
-136 -24
-120 -24
8 16
-152 -8
-8 0
0 -8
0 -8
0 0
0 0
0 0
176 -24
184 -40
48 -24
176 -40
-24 -8
160 8
-8 -24
8 -8
-16 0
0 0
0 0
0 0
0 0
0 0
0 0
0 0
-104 -24
0 8
-8 8
0 0
40 -40
0 0
-136 -32
-136 -16
8 8
8 -40
-8 -8
0 -8
-8 -40
0 0
176 -8
0 0
24 -40
64 -40
176 -48
0 -24
-8 -40
-24 -16
0 0
72 0
0 0
0 0
0 0
0 0
0 0
0 0
0 0
0 0
-104 -40
8 -16
-8 -16
-24 0
-168 -16
0 0
-152 -32
8 -8
0 0
-8 -48
-32 -32
