0 0
0 0
0 0
0 0
0 0
0 0
0 0
0 0
0 0
64 48
0 0
72 48
-24 0
-24 0
-24 0
0 0
0 0
0 0
0 0
40 24
0 0
16 0
8 0
0 0
-24 0
-32 0
-8 0
0 8
-8 0
0 0
0 0
-16 0
0 0
0 0
0 0
136 -8
0 0
0 -8
0 -8
0 0
0 16
80 104
32 8
8 0
0 0
-32 0
0 0
104 88
56 80
0 0
72 56
24 16
16 8
-120 32
32 16
24 16
-24 0
-24 0
-40 -8
-16 -8
0 0
-8 0
-16 0
-24 0
136 -16
24 40
0 0
144 -16
0 0
0 0
0 -16
0 -8
0 8
0 8
24 0
-8 0
24 8
0 8
-40 8
-48 -8
-40 -8
0 0
-72 -16
-40 -16
-16 -8
-16 -8
16 8
8 8
-40 -16
8 8
-40 -16
0 0
-24 -16
-8 -8
-24 -8
-32 -8
216 -24
0 0
40 -24
80 168
-24 0
0 0
0 -24
0 0
0 0
40 0
-56 128
-8 0
16 0
0 8
0 0
-32 0
-96 48
0 0
16 0
0 0
0 0
0 0
0 0
-8 0
0 0
-24 -8
0 0
0 0
-56 -24
-16 -16
-40 -24
-48 -24
136 -24
192 40
0 8
-8 0
0 0
0 0
16 -8
0 -8
0 -8
32 0
24 0
-16 0
-72 88
0 8
-8 -8
-64 -32
0 0
-80 216
-48 168
8 0
-144 16
-64 160
-152 -8
-160 -8
-24 -8
-48 -24
-32 -16
-64 -32
-48 -24
-16 -16
-72 -32
-80 -32
136 -32
8 -24
0 0
-8 0
0 -40
-32 -40
0 0
0 0
0 -16
0 16
0 0
16 -8
-16 0
0 8
0 0
0 0
112 -40
104 -40
-16 0
-32 0
-40 0
-152 16
-56 0
-184 -32
-64 0
16 24
-16 -16
-40 -24
-16 -16
-16 -16
-72 -40
-80 -40
136 -40
0 0
0 -32
176 24
72 152
0 0
0 -16
0 0
0 -24
0 8
0 0
0 8
8 -8
0 0
48 72
0 0
-8 0
-40 -40
-8 0
-16 0
0 0
-40 -32
0 0
32 -24
-184 0
8 24
-64 -40
-24 -24
-48 -32
-56 -40
-32 -24
-72 -40
144 -8
136 -8
128 -8
120 -8
0 0
-8 0
96 -8
0 0
0 -32
0 0
-8 0
16 -16
8 -16
0 0
0 0
0 0
-8 8
-8 0
0 8
0 0
-88 -24
-160 48
0 40
32 -40
-184 -8
32 144
0 0
-40 -32
-32 -32
-80 -56
-32 -32
-80 -48
0 0
-8 0
-8 0
0 0
-8 0
-16 0
-24 0
0 0
0 -40
0 16
-8 -8
16 -16
-16 -24
-40 32
8 -8
8 0
8 8
8 16
0 0
0 0
-56 -16
-160 40
-64 -24
8 -40
-184 -16
0 -8
8 16
-8 -8
-80 -56
-40 -40
-88 -56
-72 -48
152 -48
-8 0
-16 0
-24 0
-32 0
-40 0
-16 0
-56 0
0 -48
8 16
-8 8
-8 -24
-40 32
32 80
0 16
-112 -8
-120 -8
0 0
0 0
0 -16
0 16
-72 32
-64 -32
-8 -24
-64 -32
0 0
-24 40
24 24
-16 -16
-56 -48
-64 -48
-56 -48
120 -40
112 -40
112 -40
104 -40
96 -40
88 -40
80 -40
72 -40
144 8
8 8
0 8
72 -8
-32 16
0 0
0 8
-120 -16
-128 -16
0 -8
-16 -24
-8 -16
-56 -32
-144 24
0 -16
-8 -32
-64 -40
0 -8
0 -8
0 0
16 16
-24 -24
-24 -16
-72 -56
0 8
64 -80
96 -72
48 -72
64 -48
80 -40
72 -40
64 -40
40 -24
8 0
72 -24
0 8
40 64
16 -24
-112 -24
-120 -24
0 -24
-8 -32
0 0
-8 -32
0 0
-88 -64
0 -24
0 0
8 -88
-192 -40
0 -16
-96 -80
-8 -8
-120 -88
-128 -88
-32 -24
8 -8
0 8
56 -72
0 8
32 88
0 16
40 0
-16 0
0 0
80 -32
24 56
-16 -8
8 -16
8 -16
-112 -32
-120 -32
8 -24
8 32
-24 -32
-24 -40
-88 -8
0 -8
-160 112
-8 0
-16 -48
-192 -48
0 -8
-88 -80
0 0
-16 -16
-24 -16
-8 0
8 -16
0 0
56 -80
0 0
0 0
40 -32
32 -24
0 0
0 -8
8 -16
0 8
72 0
64 16
24 0
-8 -16
16 -8
0 0
-8 0
-16 0
-24 0
-56 -56
-64 -88
0 -8
40 -8
-16 -56
-192 -56
-200 -16
-128 -96
-112 -96
-8 -8
-120 -96
-32 -24
0 0
152 0
192 24
0 40
72 -72
16 -8
104 -56
24 -40
0 -16
8 -24
0 0
-16 -56
-56 0
64 16
24 40
24 -40
8 -64
24 8
16 -24
-56 -104
-128 -16
-88 -72
-96 -104
32 -32
-56 -64
-88 -72
-200 -16
0 0
-136 -104
-120 -104
-128 -104
-24 -16
112 -72
88 -16
88 -104
64 -72
0 -16
40 -48
104 -64
0 -16
0 -24
80 -56
0 -8
-16 -64
16 -64
16 -56
24 -24
32 -64
-16 16
-32 0
16 -32
-72 -96
-40 56
-8 -56
0 -56
-64 -112
-104 -96
-24 -56
-136 -104
-64 -8
-144 -112
-64 24
-152 -112
-120 -104
112 -80
88 -88
8 -8
80 -72
24 -32
40 -56
104 -72
0 -32
0 -32
80 -64
24 24
-48 -16
8 -48
24 -64
32 -48
-80 40
-16 -48
-24 -40
-24 -56
-48 -8
-16 -72
8 -64
0 0
-176 -40
-120 -112
-128 -120
-128 -104
-64 -16
-72 -16
-16 -16
-160 -120
-160 -120
112 -88
104 -112
8 -32
80 -104
8 -40
0 -24
40 -32
48 -96
40 -32
-8 -32
72 -72
-8 -64
8 -56
32 -40
32 -56
-40 -112
-24 -56
-136 -72
-8 -64
-8 -48
-48 16
64 8
0 -40
-184 -48
-80 -120
-104 -32
-136 -104
-96 -112
-112 -120
-120 -120
-168 -128
-32 -24
112 -96
88 -104
8 -24
16 24
72 -40
64 -104
112 -40
-24 -48
40 -40
-32 -32
0 -56
-8 -72
16 -88
0 -64
32 -56
-32 -120
-128 -24
-24 -64
0 -16
0 0
-48 8
-168 -32
0 -48
0 -16
-104 -128
-168 -40
-104 -88
-144 -120
-104 -120
0 0
-232 -48
-136 -128
176 -32
88 -112
24 16
0 0
72 -120
0 16
56 -104
40 -112
48 -40
8 -80
0 -64
0 -56
-32 -56
-40 -56
0 -112
-112 -64
-16 -40
-8 -88
-8 -56
-8 -88
-48 -112
-160 -64
0 -56
0 -40
-80 -104
-128 -96
-104 -96
-112 -136
-136 -136
-224 -56
-232 -56
-136 -136
0 -40
16 -40
8 -56
64 -144
64 -120
-8 -64
56 -104
-32 -40
48 -48
-16 -56
72 -96
0 -64
-32 -64
40 -96
-32 -48
0 16
0 -56
-8 -56
0 -80
-48 -48
16 -104
-168 -48
0 -32
-8 -112
-184 -136
-120 -112
-104 -104
-128 -136
-112 -144
-224 -64
-120 -136
-136 -144
0 -56
0 -72
160 -104
144 -112
64 -128
0 0
40 -120
56 -144
48 -56
32 -120
-16 -64
-8 -96
-32 -64
8 -112
48 -80
8 -144
-24 -152
24 -48
0 -88
8 -104
16 -72
16 -72
64 -72
-40 -160
-136 -112
-8 -8
-104 -112
-112 -152
-144 -152
-224 -72
-160 -152
-168 -152
168 -16
-8 -56
136 -64
144 -120
80 -152
-16 -56
40 -128
56 -152
-32 -72
32 -128
-40 -64
-32 -72
-16 -104
-16 -80
32 -112
8 -72
-72 -72
16 -32
0 -120
16 -88
16 -48
40 -112
0 8
0 0
-136 -128
-168 -144
-176 -80
-192 -72
-104 -152
-72 -64
-168 -152
-168 -160
184 -88
-8 -72
200 -72
128 -72
128 -72
-16 -80
-24 -80
40 -80
-32 -80
32 -128
-24 -88
0 -88
-56 -72
-32 8
24 -32
-16 -64
-8 -120
8 -128
-32 -32
8 -64
16 -56
16 -48
-64 -184
-32 32
-136 -176
-168 -184
-176 -152
-176 -152
-104 -160
-112 -160
-32 -48
-176 -160
184 -96
-8 -80
200 -80
56 -184
128 -80
32 -168
32 -168
-16 -160
8 0
-40 -120
-80 -120
64 -168
8 0
-8 8
80 -32
16 -96
16 -104
-32 -80
32 -8
-24 -168
48 -128
48 -112
8 -8
0 0
-160 -192
-168 -192
-168 -144
-176 -144
-72 -168
-192 -160
-168 -168
-144 -176
0 -112
-8 -104
152 -56
-8 -16
-24 -104
-32 -96
-16 24
-56 -200
-64 -200
8 0
0 0
-8 0
0 0
56 -168
-104 -200
-80 -168
0 -176
40 -32
40 -88
32 -88
24 -72
16 -24
-168 -136
0 0
-160 -200
-168 -200
-168 -152
-112 0
-144 0
-96 -168
-88 -176
-208 -168
0 -120
-8 -112
0 0
-8 -24
-24 -112
-8 16
40 0
0 8
16 -8
8 -8
0 -8
8 -8
-80 -168
120 0
-24 0
0 0
-24 -88
-48 -208
-72 -208
72 -112
-40 -160
-160 -144
8 -16
32 -8
24 -8
-96 -8
-192 -176
-216 -208
-128 16
-160 8
-184 8
-160 0
184 -88
176 -120
168 -120
144 -72
-16 -32
64 -24
32 -16
0 0
16 -16
-16 0
-16 8
-88 -216
64 -184
64 -184
112 -8
0 8
32 8
0 16
32 -48
0 0
8 0
0 0
8 -16
-104 -16
-96 -16
-104 -16
-192 -184
-136 -16
-160 8
0 0
-184 0
-160 -8
184 -96
176 -128
112 -208
160 -128
0 0
112 -192
8 -8
40 0
0 0
-16 -8
-24 24
0 -16
0 0
-40 0
-48 -216
0 0
8 8
80 -160
-32 -224
24 -56
0 0
-40 16
-48 -192
-104 -24
8 -152
-96 -24
-104 -24
-160 -8
-88 -192
-176 24
-72 -192
-16 -8
184 -96
-8 -144
-16 -144
152 -104
96 -200
56 -8
184 -16
80 -200
-8 -16
-16 -16
-24 -16
0 -24
-16 -32
-48 -16
96 -144
-96 -168
-104 -168
0 0
32 -216
32 -48
-136 -168
16 -32
-112 -8
-128 -16
-96 -8
-120 -32
-56 -200
-160 -16
-88 -200
-168 -8
-72 -200
-160 -24
184 -104
-8 -152
168 -112
8 -16
0 -192
56 -16
8 -24
40 -16
-8 -24
-8 -16
0 -40
136 -32
-40 -24
120 -32
8 -32
8 -24
0 0
40 -56
-96 -200
-128 -176
-136 -176
0 0
-120 -16
-16 -208
-184 -208
-40 -208
-136 -24
16 -24
-168 -16
-136 -16
-184 -24
-160 -32
184 -136
176 -120
168 -112
32 -248
-32 -248
40 -48
40 -40
184 -16
16 -48
160 -32
0 -48
-32 0
-16 -48
128 -32
8 -24
48 -24
8 -16
-24 -248
48 -224
-24 -32
-104 -184
-64 -32
-72 -32
-16 -216
-112 -32
-120 -48
-112 -24
-160 0
-216 -216
-152 -48
-160 -48
-160 -40
