0 0
0 0
0 0
0 0
0 0
0 0
16 80
0 0
0 0
16 0
0 0
0 0
0 0
-24 0
0 0
0 0
0 0
0 0
0 0
8 8
0 0
0 0
-8 0
16 8
0 0
-8 0
0 0
0 0
0 0
0 0
0 0
-16 0
0 0
0 0
0 0
152 0
0 0
0 -8
0 -8
0 0
0 0
8 0
0 0
-16 0
8 0
0 0
0 0
-32 -8
88 64
0 0
0 0
0 0
-8 -8
0 0
16 0
-16 0
8 0
-8 -8
8 8
0 -8
0 0
-8 0
-16 0
-24 0
8 -8
0 0
0 0
192 -16
0 0
0 0
0 -16
0 -8
0 -8
0 0
-64 96
0 0
72 40
-88 96
-40 0
-16 -8
-40 -8
0 0
64 48
0 0
-16 -8
-16 -8
-24 -16
-32 -16
0 0
-8 -8
-16 -16
0 0
-8 -16
-8 -8
-16 -8
-32 -16
224 -24
0 0
40 -24
152 8
-24 0
0 0
0 -24
0 0
0 -16
0 0
8 8
0 0
-24 0
0 -8
-40 0
0 0
0 0
8 0
0 0
0 0
-16 0
0 0
-24 -16
-32 -16
-40 -24
-40 -16
-16 -16
0 0
-16 -24
-16 -24
-32 -24
-32 -8
136 -24
40 176
8 0
0 0
0 0
0 0
16 -24
0 -8
0 -24
32 -8
24 24
0 0
-24 -8
0 24
-32 -8
-64 -32
64 208
-128 0
-112 16
0 0
0 0
24 216
0 0
-8 0
-24 -8
-32 -16
-16 -16
-24 -24
-32 -32
-16 -16
-32 -32
-40 -32
136 -32
8 -24
0 -8
-8 -8
0 -40
-32 -40
120 -32
0 0
0 -32
8 0
0 0
0 -8
8 -8
0 0
16 -32
0 0
-8 0
104 -40
0 0
-32 0
-40 0
0 0
-16 -40
48 -40
48 -40
-40 -24
-56 -40
-24 -24
-32 -32
-16 -24
-48 -40
-56 -40
136 -40
0 0
0 -32
-16 -16
-16 -16
0 0
0 0
0 0
0 -40
0 -8
0 0
16 8
8 -8
0 -8
0 0
0 0
-8 0
-16 0
-72 -48
-64 -40
0 112
-56 -40
0 0
32 -32
-184 0
0 0
-48 -32
-64 -48
-48 -40
-16 -24
-40 -40
-80 -48
0 0
-8 0
-16 0
-24 0
-24 -40
-32 -40
-48 0
0 -8
0 -48
-16 40
-8 -16
16 -16
8 -24
-40 32
-8 24
16 0
0 0
0 0
0 0
-80 8
-72 -24
-152 56
-48 -48
32 -40
-64 -24
-152 -8
0 0
-64 -48
-72 -56
-40 -48
-64 -48
-56 -48
0 0
-8 0
0 0
0 0
-8 0
-16 0
-24 0
0 0
0 -56
-24 40
-8 -24
16 -24
8 -24
8 -8
8 -8
0 0
-8 0
0 -8
0 -8
-80 0
8 56
0 -8
0 -8
8 -48
-184 -16
0 0
8 8
-72 -56
-72 -56
-80 -64
-88 -64
-88 -56
152 -48
144 -48
-8 0
-16 0
-24 0
-32 0
80 -48
-48 0
0 -64
0 -8
-8 -8
0 8
-32 16
0 0
0 0
-120 -8
-112 -8
0 24
0 0
0 -16
8 48
0 0
-64 -32
-32 -72
-48 -32
-168 168
0 0
-64 -56
-80 -64
-80 -64
-88 -64
-80 -56
120 -40
112 -40
128 -40
120 -40
112 -40
104 -40
96 -40
88 -40
0 0
0 -8
-8 -8
0 0
16 -24
8 24
0 -8
-120 -16
-128 -16
-16 24
-8 -24
-8 -24
-56 -40
-96 -56
0 -24
-32 -80
-48 -40
-168 160
-8 -32
-8 -16
-8 -8
-24 -24
-96 -72
-96 -72
184 48
96 -80
8 0
0 0
0 0
80 -40
72 -40
64 -40
0 64
0 -16
72 -24
0 0
8 -16
24 -32
-112 -24
-8 -16
-8 -24
0 -32
8 56
0 0
-72 16
-80 -64
-16 72
-56 -80
16 -88
-192 -40
-8 -40
0 0
-16 -24
-16 -16
-32 -32
-104 -80
0 -8
200 16
56 -80
64 -72
0 8
0 8
40 -8
-24 32
8 40
80 -32
72 -32
-48 0
8 -16
0 0
-112 -32
-120 -32
0 -32
8 -8
-8 -32
0 -8
-72 -16
0 0
-152 104
-8 32
-56 -80
-192 -48
-8 -48
-48 -48
-104 -88
-24 -32
-24 -24
-32 -24
0 -8
160 -48
56 -88
144 -24
0 0
0 -8
0 0
40 -32
40 -40
80 -40
0 -8
0 -24
16 -56
0 0
0 0
-16 0
-24 0
-32 0
-40 0
-72 0
-56 -64
-88 -88
0 -48
-96 -104
-56 -104
-192 -56
-208 -8
-88 -88
-112 -96
-16 -16
-120 -96
-40 -40
0 0
0 0
64 -96
56 -88
0 -8
0 -8
104 -56
40 -40
40 -48
80 -48
0 -8
-32 -16
-8 -16
0 0
0 -8
32 48
-56 -112
-24 -64
-24 -64
24 -16
0 0
-64 -72
0 -56
24 -40
-120 -112
-88 -72
-80 32
0 0
-96 -96
-232 -24
-72 -64
-128 -104
0 0
64 -96
80 -88
80 -96
0 -16
56 -48
40 -24
-24 8
40 -56
80 -56
72 -56
0 -32
8 -48
24 -64
8 -16
-16 -56
16 8
0 0
16 -48
-64 -96
0 0
-80 -96
0 -40
0 16
-72 -96
-24 -40
0 -8
-144 -112
-8 -8
-104 -104
-112 -104
-136 -112
0 -8
160 -56
80 -96
96 0
0 0
0 -24
104 -72
40 -56
32 -56
80 -64
0 -24
64 -72
8 -56
16 -64
24 -64
-56 24
-128 -64
-24 -56
-24 -64
-16 -8
-8 32
8 -48
0 0
-184 -8
-168 -40
-200 -32
-120 -104
-136 -120
-152 -120
-56 -16
-64 -16
-120 -112
0 -16
160 -64
152 -56
80 -112
24 -40
-8 -8
0 0
48 -104
0 0
80 -72
72 -72
64 -80
8 -56
16 -32
24 -40
-32 -112
-24 -56
-136 -72
-16 -72
-8 -48
0 0
40 -24
0 -80
-184 40
-112 -128
-88 -88
-104 -120
-120 -120
-200 32
-152 -128
-168 -128
-224 64
0 8
24 -56
80 -112
96 -16
0 -16
64 -104
56 -104
48 -88
0 -56
-32 -40
0 -48
-48 -40
16 -88
8 -40
-8 -40
48 -48
-128 -24
-16 -40
-8 -80
0 -56
0 -8
-40 0
0 -88
-184 32
0 0
-168 -40
-120 -96
-200 -32
-144 -136
-64 -8
-72 -8
-176 -136
0 0
152 -40
104 -24
144 -72
72 -120
64 -120
56 -112
-24 -64
0 0
-32 -48
72 -88
-48 -48
8 -88
40 -96
0 -112
-120 -56
-24 -80
-16 -88
-8 -88
-8 -96
-48 -112
-168 -32
0 -96
24 -80
-80 -104
-120 -112
-104 -96
-144 -136
-32 -8
-24 -40
-160 -144
-224 16
128 -16
24 -72
152 -64
96 -136
0 -72
56 -128
56 -104
-24 -72
0 -8
24 -88
72 -96
-48 -56
8 -96
-24 -56
-32 -56
40 -88
-80 -24
-32 -56
-8 -96
8 -24
-32 -144
40 -48
0 16
-8 -112
-184 -136
-168 -32
-128 -136
-128 -144
-144 -152
-24 -48
-144 -144
-56 -16
0 -56
200 -56
160 -88
0 0
0 -80
56 -136
-24 -48
16 -144
-32 -64
-24 -32
72 -112
-48 -64
-24 -32
0 -88
48 -96
0 0
-16 -120
24 -48
0 -80
16 -48
16 -112
8 -40
40 -96
-32 -160
-136 -112
0 0
-120 -120
-136 -152
-144 -160
-24 -56
-144 -152
-224 0
0 0
160 -40
56 -168
48 -168
40 -152
56 -144
120 -96
-40 -64
0 -24
16 -128
16 -104
8 -104
-24 -40
48 -120
32 -120
-16 -72
-24 -112
8 -88
8 -16
16 -80
16 -48
0 0
0 0
0 0
-136 -128
-168 -144
-168 -144
-48 -96
-128 -160
-64 -120
-120 -152
-152 -160
0 -8
-8 -72
160 -72
152 -72
-24 -72
128 -112
120 -104
-48 -72
-32 -88
16 -136
24 -152
-40 -48
-48 -48
0 0
8 -128
16 -64
-8 -120
16 -96
-40 -72
16 -64
16 -8
0 0
-24 -168
-56 -64
-24 56
-168 -184
-176 -152
-16 -16
-104 -160
-136 -168
-168 -168
-176 -168
168 -24
-8 -80
200 -80
192 -80
-24 -80
48 -168
40 -168
-16 -160
-24 -160
56 -168
-72 -120
-64 -168
-72 -168
40 -160
-8 -112
24 -104
-24 -88
-32 -80
32 -16
-16 8
56 -120
40 -128
0 0
0 0
-160 -192
-168 -192
-168 -144
-176 -144
-24 -136
-192 -160
-120 -168
-176 -176
168 -32
-8 -24
160 -104
0 0
176 -88
128 -144
88 -176
88 -168
-64 -200
-24 8
-8 0
-40 8
48 -168
48 -168
-104 -200
-80 -168
-8 -32
0 0
24 -24
16 -16
-40 -192
8 -8
-160 -136
-128 -176
-160 -200
-168 -200
-168 -152
-184 -152
-152 0
0 0
-88 -176
-208 -168
184 -72
-8 -120
160 -112
208 -88
176 -96
8 -8
96 -176
16 -8
8 -8
120 32
-8 -8
56 -176
-96 -208
72 32
-64 0
0 0
8 -88
-48 -208
-48 -208
-32 -200
24 -24
-152 -144
8 -16
-152 32
-160 -160
-168 -160
-184 -176
-216 -208
-168 0
-160 -8
-184 0
-200 0
184 -72
-8 -128
152 -168
152 -120
-8 -16
8 -8
24 -16
0 -8
8 -16
32 0
24 0
-16 -16
8 -8
32 -184
112 -8
0 0
0 0
0 0
-8 -16
-48 -120
0 0
-40 0
8 -16
-112 -16
-48 -184
-56 -184
-168 -168
-144 -16
-120 0
-176 -8
-184 -8
-176 -16
184 -80
176 -88
152 -176
144 -176
16 -24
-40 -224
24 -24
0 -16
16 -8
8 -8
144 -16
-16 -24
-24 -24
0 -8
0 0
0 -8
8 -8
72 -168
64 -168
32 -48
-40 24
0 0
-8 24
48 -8
-136 -16
-56 -192
-192 -192
-160 -16
0 -16
-128 -8
-160 -8
-56 16
168 -48
176 -96
168 -96
152 -104
-24 -200
32 -32
8 -24
120 8
-8 -24
-16 -24
0 -16
-40 -24
128 -24
-32 -32
-48 -152
-96 -168
-8 8
0 -16
56 -224
32 -48
-136 -168
16 -32
56 -32
-128 16
40 -32
-128 -32
-168 -8
-80 -200
8 -32
-176 16
-184 -24
-176 -32
168 -56
176 -104
200 -152
24 -40
0 0
184 -32
184 -24
112 8
-16 -32
160 -40
-8 -40
-16 -40
96 0
0 -32
8 -32
0 0
56 -48
32 -64
8 -240
-128 -176
8 -16
-112 -240
0 0
8 8
0 0
-48 -208
-104 -24
16 -24
-168 -32
-8 -32
-192 -32
-200 -32
208 -176
176 -104
200 -160
32 -248
-32 -248
64 -32
144 -8
0 0
160 -40
32 -32
-8 -48
-8 -32
-24 -48
32 -216
8 -32
0 0
-8 -80
80 -176
24 -232
-32 -8
-104 -184
-88 -32
0 -8
-16 0
-24 0
-152 -40
16 -40
-40 -8
-176 -40
-184 -40
-192 -40
-200 -40
