0 0
0 0
0 0
0 0
0 0
0 0
0 0
0 0
0 0
0 0
0 0
0 0
0 0
0 0
0 0
0 0
0 0
0 0
0 0
0 0
0 0
0 0
-8 0
0 0
-24 0
-32 0
0 8
-8 0
0 0
0 0
0 0
0 0
0 0
0 0
0 0
0 0
0 0
160 184
0 0
0 0
0 0
0 0
0 0
16 0
0 0
0 0
0 0
0 0
0 0
0 0
0 0
0 0
40 16
0 0
72 48
-8 0
32 32
-16 -8
8 8
8 8
0 0
0 0
0 8
-24 0
0 0
0 0
0 0
0 0
0 0
0 0
0 -8
0 -8
0 8
0 0
0 0
152 136
0 0
0 0
-104 80
0 0
0 0
0 0
0 0
0 0
0 0
0 0
48 40
40 40
0 0
24 24
-24 -16
-8 0
-16 -8
-8 -8
0 0
-24 -8
0 0
0 0
0 0
0 0
0 0
0 0
0 -8
0 -8
0 0
0 8
8 8
32 8
-16 -8
0 0
-88 64
120 152
0 0
0 0
0 0
0 0
-8 0
0 0
32 16
0 0
40 40
0 0
40 32
8 16
-16 -16
0 0
0 0
-32 -16
0 0
0 0
0 0
0 0
0 0
0 0
0 0
0 -8
0 0
0 8
8 8
-64 112
8 -8
-24 0
-8 -8
56 40
8 -8
0 0
0 0
24 0
-160 -32
-168 40
-160 40
0 0
0 0
0 0
-8 -8
32 24
-16 -16
-8 -8
8 -8
-40 -24
0 0
0 0
0 0
0 0
0 0
0 0
0 0
0 -8
0 0
0 8
0 0
24 -8
16 -8
-8 8
-56 96
0 0
0 0
0 0
0 0
0 0
0 0
0 0
0 0
0 0
-192 -32
0 0
-8 -8
-16 -16
0 0
-8 -16
-48 -40
-32 -24
0 0
0 0
0 0
0 0
0 0
0 0
0 0
0 -8
0 16
0 24
16 16
0 0
8 -16
-48 64
0 0
0 0
-8 16
0 0
0 0
16 40
0 0
0 0
0 0
-72 -48
8 24
-64 -48
0 0
0 0
0 0
-24 -32
-56 -40
-64 -48
0 0
8 0
16 0
8 0
0 0
-8 0
0 0
0 0
0 16
0 16
16 32
-40 88
0 -8
-16 16
0 0
8 -8
0 0
0 0
0 0
-8 -8
0 0
-80 120
8 56
48 40
-48 176
0 0
-144 -24
-56 -40
8 8
16 0
0 0
-24 -16
8 0
8 0
16 0
8 0
0 0
-8 0
80 136
0 0
0 0
0 8
0 0
0 -8
0 0
0 0
0 0
0 16
0 0
-8 16
-8 0
-8 -8
0 16
-144 72
-88 -48
48 40
0 40
0 -16
0 -8
32 24
-64 -48
-56 -48
-16 -8
-48 -40
0 0
16 0
16 0
16 0
8 0
0 0
-8 0
-16 0
0 0
0 0
0 0
-16 88
8 -16
0 -24
-40 8
-8 56
8 0
0 -8
-8 8
-8 104
0 0
0 -8
56 64
-160 144
0 32
0 -24
-200 -40
0 -8
24 16
-72 -56
-88 -64
-16 -8
160 -40
16 0
8 0
0 0
-8 0
-16 0
112 -40
104 -40
0 0
0 0
0 -8
0 72
8 -24
-24 -16
-40 40
0 0
0 0
0 -8
16 48
0 -24
-72 16
-80 72
0 -8
64 32
-8 -24
0 -8
-64 -48
-72 -64
0 0
16 8
-16 -16
-96 -72
0 0
0 0
64 -72
96 -56
32 80
56 -8
40 -8
48 -32
0 16
0 8
24 72
0 64
-56 8
-40 0
48 -16
8 88
8 88
0 -16
-8 88
-8 88
0 0
-120 8
-136 88
40 8
0 0
-56 160
-200 -40
0 -8
0 0
-8 -8
-16 -16
0 0
0 0
0 16
104 -64
64 -64
0 16
0 0
40 -16
0 0
0 0
0 8
0 -16
-40 24
0 8
64 -32
32 72
-104 64
32 56
-8 16
0 0
8 0
-24 88
0 0
-152 56
-184 64
0 24
-40 -80
0 0
0 0
24 16
0 0
-8 0
-24 -16
0 8
72 -88
24 72
-8 48
0 16
56 -24
0 16
16 56
0 -8
0 -16
0 -24
0 -16
0 0
0 0
24 64
24 64
-16 -8
-16 24
-16 -64
-16 88
80 80
16 8
0 0
0 0
0 -48
-40 80
0 0
-216 -8
-200 96
0 0
-8 0
-24 -16
0 0
0 24
8 -24
88 -80
32 32
72 56
0 8
56 56
0 -16
0 -8
0 -32
0 -24
-32 -24
0 -8
32 -56
0 0
0 0
32 40
16 40
-16 -32
8 8
16 0
0 0
0 0
0 -40
0 0
-88 -96
0 0
0 -8
-8 -16
-16 -16
0 0
0 24
0 8
96 -88
0 16
0 16
72 48
0 -24
56 48
0 -16
0 0
24 40
-40 0
-48 -24
0 -16
16 56
16 -48
-16 8
32 32
8 16
0 -48
-16 -64
-48 32
0 0
0 0
0 0
0 0
16 -8
16 8
0 0
16 8
-16 -16
-24 -24
0 16
104 -104
8 0
48 48
48 -80
72 40
40 -48
-16 8
-32 8
0 -40
0 -40
-40 -24
-32 -40
0 -24
16 48
0 0
8 -32
32 24
8 24
-16 -56
-16 48
-8 -56
0 8
-184 80
-56 112
40 56
0 0
-128 -112
-200 40
8 0
-16 -8
-24 -24
8 -48
104 -112
8 -8
88 -104
0 0
0 -32
0 0
0 0
0 8
0 -8
-8 -48
0 -40
-32 -48
0 -24
0 0
0 0
8 -32
0 0
-144 24
0 -8
0 0
-96 -32
0 0
0 0
-56 104
-176 40
0 0
-128 -112
0 16
-16 -16
-16 -24
-64 -32
8 -48
24 -56
8 -8
0 -8
32 16
0 0
32 -104
56 -104
0 0
16 -48
0 -8
0 -56
-32 -48
0 -32
16 -88
-8 -64
40 -72
80 -32
96 40
-32 -80
0 -8
-96 -40
0 0
0 0
-56 104
8 -16
-136 32
-208 -24
0 0
8 0
0 -8
-24 -24
0 -8
0 -24
8 -16
64 -128
-24 -24
72 -112
40 -104
-32 -8
0 -8
40 16
16 -24
0 -64
-32 -56
0 8
0 -16
-48 -48
32 -96
-40 -24
-136 0
-24 -56
-8 -80
8 -24
0 0
8 -80
0 0
-128 -112
-184 -16
-128 -128
-104 -128
-224 -64
-152 -136
-32 -32
0 -8
24 -8
160 -96
216 -16
-24 -24
-24 -32
-24 -24
-40 -32
0 -16
0 0
16 -32
0 -64
-32 -64
-24 -72
0 -8
40 -88
8 -16
8 8
24 -112
0 0
-24 -48
0 0
16 -88
8 -24
0 0
32 24
-184 -24
-40 -96
16 -16
-224 -72
-16 -8
-32 -40
0 -72
0 -80
208 -16
216 -32
0 -8
-24 -40
0 0
-48 -48
0 0
-32 -32
16 -64
-32 -56
-32 -80
0 -8
0 0
-8 -32
0 -32
32 -72
0 0
-80 -64
8 -16
-144 0
16 -48
-40 48
0 0
-160 -128
-8 -16
-192 -24
16 -16
-224 -80
-16 -16
-32 -48
0 -80
0 -8
8 -8
200 -64
-24 -80
40 -152
-8 0
24 -160
-32 -88
-48 -40
16 -120
8 -96
-56 -88
-56 -72
-8 0
-8 -24
8 -96
-8 -112
8 -96
0 0
16 -80
8 -32
0 0
0 0
0 0
0 0
-168 -136
8 0
-48 -112
8 -32
-8 -24
-136 -160
0 -96
-8 -32
8 -8
0 -8
-24 -24
48 -160
-8 -8
-24 -32
40 -8
40 -8
-8 0
-8 0
-64 -160
-16 0
-56 8
80 -24
-8 -24
24 -112
-8 0
0 0
0 0
-24 8
0 0
-8 8
-24 48
0 -8
-8 -8
-8 0
-8 -8
-8 -8
-120 -160
-240 -72
0 -8
0 0
0 0
216 -72
-24 -32
80 -168
-8 8
32 -8
24 0
-24 48
168 32
152 32
8 -8
0 0
104 32
-8 24
0 0
24 -16
40 -32
8 -8
0 0
-8 0
0 0
-24 48
8 -16
0 -16
0 -8
-8 -8
-192 -152
-192 32
-24 -16
-24 -16
8 24
0 0
0 -8
0 0
-24 -40
0 0
-16 24
160 8
40 16
-16 8
0 48
-40 40
-72 -160
0 0
0 0
0 0
0 0
0 0
32 -152
-32 -192
-32 -160
8 -8
-16 32
8 -16
16 -16
-8 0
-176 -160
-16 0
-160 -8
-184 40
-160 32
-160 16
8 16
-8 -120
0 -8
-8 -8
208 -80
-16 32
168 0
16 -8
168 0
0 -8
0 0
24 0
-24 -16
-24 0
128 -8
0 0
0 0
0 16
8 -24
0 -80
8 0
0 0
8 -16
32 -8
8 8
-176 -168
0 0
-120 0
-168 0
-160 -8
-168 -16
-176 -16
8 16
-8 -32
-16 -56
200 -120
8 -16
0 0
24 -16
176 -8
40 -8
152 8
24 0
-8 16
-16 -24
-48 0
112 8
0 0
-8 32
0 -24
0 0
40 -56
-8 24
-48 24
-8 16
-136 24
-112 -16
-176 -176
0 0
-176 24
-136 16
-160 -8
-152 16
-160 -8
0 -16
176 -96
0 0
0 0
8 -16
0 0
168 0
168 0
40 -16
-8 -8
160 -24
-8 0
16 -40
136 0
0 0
0 0
32 0
-16 24
48 -72
0 0
0 0
-8 16
-72 -8
-80 -8
-120 -32
0 0
-112 -24
-160 -16
-168 8
-168 -24
-56 24
-160 -8
0 -8
0 -8
0 -8
0 0
0 0
0 0
56 -24
32 0
16 -8
32 -24
152 -24
16 -24
-40 -24
-8 -24
0 0
0 0
32 0
0 0
0 0
0 0
0 -8
0 0
-72 -16
-88 16
-104 -40
-88 -48
-136 -32
-136 -24
-144 16
-152 -40
-40 -8
-8 8
0 -8
0 -8
0 -8
-8 -216
-8 -200
0 0
8 -32
16 0
24 -8
152 -16
32 -32
-8 -32
-24 -48
0 -40
8 -32
0 0
0 0
0 0
0 -8
0 0
16 -40
64 -32
-64 -32
56 -16
-136 -8
0 -16
-128 -48
-104 -48
-24 -16
-160 -48
0 0
-48 -16
0 0
-8 -24
16 -32
88 -48
72 -56
24 -32
32 -56
-8 -8
32 0
-16 -16
8 -40
136 -32
-24 -48
-24 -40
0 0
8 -16
8 -16
0 -8
0 -16
0 0
16 -40
-96 -48
-64 -56
-112 -56
-120 -48
-168 -16
-168 -24
-136 -24
-128 -48
8 -8
-40 -24
-200 -8
