0 0
0 0
-8 48
0 0
0 0
0 0
0 0
-16 16
0 0
0 0
0 0
24 0
0 0
8 0
40 16
0 0
0 0
0 0
24 8
40 16
0 0
0 0
16 0
-16 0
16 8
8 0
0 0
8 8
0 0
0 0
0 0
-16 0
0 0
0 0
0 0
0 0
160 48
0 -8
0 0
0 0
-16 40
16 0
152 120
128 104
32 8
128 120
0 0
96 80
0 0
0 0
56 32
48 24
32 8
0 0
0 0
0 -8
0 -8
-8 -8
0 -8
8 0
0 0
-8 0
-16 0
-24 0
8 -8
0 0
0 0
192 -16
0 0
0 0
0 -8
0 -8
0 -8
-56 72
136 120
-16 -8
-24 -8
64 88
-96 72
-24 -8
88 80
0 0
0 0
0 0
40 24
32 16
-24 -16
-32 -16
-16 -8
-24 -8
-16 -16
-8 -16
-8 -16
-8 -8
-16 -8
-24 -8
224 -24
0 0
40 -24
64 168
120 0
0 0
0 -16
0 -16
0 -16
96 80
88 80
128 112
-24 -8
-24 0
-40 0
56 96
0 0
-80 -24
-8 0
-16 0
-8 0
0 0
-8 0
-32 -16
-32 -16
-48 -24
-24 -24
0 0
-16 -24
-8 -16
-24 -24
-32 -24
136 -24
120 0
0 0
-8 0
0 0
0 0
0 -24
0 -8
0 -24
8 -8
-32 136
80 72
-16 -16
-32 0
56 64
-32 160
0 0
0 0
0 0
0 0
0 0
-152 -16
-88 160
-160 -8
-24 -8
0 0
-16 -16
-40 -24
-32 -32
-24 -32
-32 -32
-40 -32
136 -32
8 -24
88 152
-8 0
0 -40
-32 -40
120 -32
0 0
0 -32
0 0
24 0
16 -16
-72 88
104 104
0 0
0 0
-8 0
104 -40
96 -40
-32 0
8 0
-40 -40
-16 -40
48 -40
-48 0
0 0
-48 -32
-24 -24
-56 -40
-24 -40
-48 -40
-40 -40
136 -40
0 0
0 -32
112 -16
168 24
0 0
0 0
0 -8
0 -40
8 0
0 0
-8 -16
0 -8
56 16
-40 -8
40 72
32 72
-16 0
-24 0
-24 -32
-32 -32
-40 -32
0 0
24 -40
0 8
0 0
-8 -8
-64 -48
-32 -32
-48 -48
-56 -48
-56 -48
120 -8
-8 0
-16 0
-24 0
-32 0
-40 0
-48 0
0 -8
0 -48
-24 80
0 -8
8 -16
0 -16
-40 32
-8 16
0 0
-8 0
-16 0
0 0
-80 8
-80 -32
-160 56
8 40
24 -48
0 0
-152 -8
0 0
-64 -48
-64 -48
-40 -40
-72 -48
-72 -48
0 0
-8 0
-16 0
-24 0
-8 0
-16 0
-24 0
0 0
0 -56
0 -8
-8 -16
16 -24
-24 -24
0 0
16 -8
-8 8
-8 0
-16 -8
8 40
0 -8
0 0
0 8
0 0
8 -48
-184 -16
0 0
-80 -56
-72 -56
-72 -56
-72 -56
-80 -56
-56 -48
88 120
80 120
72 120
112 -48
120 -48
-24 0
-32 0
0 -72
0 -64
80 -16
-8 -8
16 -32
8 -16
0 8
0 0
-120 -8
-112 -8
-16 -8
0 -16
-64 24
0 -8
-96 -48
0 -8
-24 -64
-48 -32
0 0
0 0
-88 -64
-80 -64
-80 -64
-88 -64
-88 -64
168 -40
160 -40
152 -40
96 -40
88 -40
80 -40
72 -40
64 -40
-16 -80
80 -8
-8 0
-8 -32
-8 16
8 -16
-112 -16
-120 -16
-128 -16
0 0
-24 -24
0 24
-56 -40
0 16
0 -16
-48 -80
-48 -40
-64 -48
-8 -32
-72 -64
-72 -64
-88 -72
-40 -40
-96 -72
0 8
0 8
72 -72
48 -72
32 0
32 -40
24 -40
16 -48
0 16
-8 8
-8 -8
0 0
8 -16
80 96
-112 -24
-8 -16
0 8
-16 -32
0 0
0 0
48 56
-80 -64
56 40
-72 -48
16 -80
-8 -32
-8 -40
0 0
-80 -72
-104 -80
-32 -32
-104 -80
0 8
-8 48
56 -80
56 -80
0 0
48 0
40 -8
0 8
0 0
-8 0
0 -8
-40 40
8 8
0 0
24 -16
-120 -32
8 -24
-24 -32
-24 -32
0 -8
-80 -48
-48 -72
40 0
24 -24
-56 -80
-8 -40
-8 -48
0 0
0 0
-88 -80
-96 -80
-96 -80
0 0
0 8
56 -88
0 0
32 80
16 0
104 -32
0 0
0 -8
-8 -8
0 -16
72 -16
-24 -64
64 -8
16 -48
-16 0
-24 80
-32 0
-40 0
-104 32
-80 -72
-88 -80
8 -8
-184 112
-56 -104
-80 -64
-208 0
-104 -96
-112 -96
-16 -16
-24 -16
-104 -88
208 0
0 0
64 -96
-8 8
32 72
16 -8
40 -24
16 -64
0 -8
80 -40
0 -24
-16 -64
-8 -16
40 8
72 72
0 0
-8 -64
-104 -16
-96 24
-24 -96
-96 72
-8 -48
-16 -64
-40 -96
-96 -96
-24 -40
-200 -16
0 -8
-8 -8
-16 -16
-128 -104
-32 -24
0 0
64 -96
56 -96
8 -32
24 -24
48 -24
-8 -24
0 -24
0 -16
80 -48
0 -32
0 -32
8 -48
24 -64
8 -64
-16 -64
0 0
0 0
16 0
8 0
-8 -32
-80 -96
-56 48
-184 -24
40 24
-24 0
-192 -32
0 -8
-48 -24
-16 -16
-88 -8
-32 -24
0 -8
24 -40
0 -8
48 -96
24 -32
0 -32
-8 -32
0 -32
-8 -24
0 -48
0 -40
0 -40
16 -72
32 -56
40 -40
-56 -40
-24 -32
-24 -56
-32 -56
-32 -64
-40 -16
-96 -120
8 -32
-184 -16
-16 -8
-200 -8
-120 -104
-128 -120
-136 -120
-16 -16
-24 -16
-32 -32
0 8
64 -112
152 -32
48 -104
24 -40
8 0
0 0
40 -96
0 0
-8 -40
0 -48
-48 -40
16 -80
0 -40
32 -40
48 -32
-16 -80
-136 -72
-8 -56
0 -48
-56 -24
8 -16
0 -72
-184 -32
-120 -128
-88 -88
-128 -112
-144 -128
-32 8
0 -8
-8 -8
-32 -32
0 -24
24 -56
56 -112
0 -16
0 -48
56 -104
56 -104
48 -120
0 40
-32 -48
-8 -64
-40 -8
8 -80
8 -88
48 -8
0 24
-128 -24
0 -64
-24 -88
0 -56
16 -72
40 -32
0 -80
-184 -40
32 -8
-128 -96
-96 -112
-128 -128
-152 -136
-144 -136
-16 -8
-16 -16
0 -8
24 -64
96 -120
144 -56
64 -112
-16 -24
32 -120
-40 -32
0 32
-16 -48
-8 -72
-16 -96
8 -88
40 -96
8 -104
-120 -32
-24 -72
0 -72
-24 -96
-32 -40
16 -88
-152 -64
8 -56
-32 40
-192 -32
-144 -56
-160 16
-96 -128
-32 -8
-224 -56
-8 -8
-160 -144
208 -48
160 -88
104 -136
168 -16
0 -72
-24 -40
0 8
-40 -40
0 24
32 -104
16 -48
-32 -64
-32 -64
48 -72
-32 -72
24 -40
32 -96
-24 -104
-24 -104
-48 -48
-8 -48
8 -64
0 0
-32 -152
-56 -144
-40 -72
-128 -136
-128 -144
-32 -16
-224 -64
-16 -24
-160 -152
0 -56
0 -72
72 -160
64 -160
0 -80
-24 -48
64 -136
16 -152
0 16
32 -128
72 -112
-32 -64
-56 -72
-40 -64
48 -48
40 -48
32 -48
8 -80
-24 -56
16 -72
24 -72
8 -8
-24 -152
16 -128
0 0
0 0
-112 -128
-48 -64
-152 -160
-224 -72
-24 -32
-24 -32
184 -40
224 -32
200 -64
64 -168
136 -104
72 -144
40 -152
-48 -64
-32 -80
-48 -48
-24 -80
-8 -128
-8 -80
48 -120
40 -72
-56 8
-24 -104
16 -88
16 -40
-64 -152
16 -16
40 -104
-24 -160
-8 16
-136 -136
-168 -176
-8 -8
-192 -72
-8 -40
-224 -80
-144 -160
-152 -160
0 -88
-8 -72
-16 -72
192 -72
-24 -72
40 -168
40 -160
24 -168
96 -72
8 -152
80 -120
16 0
32 -160
24 -160
0 -128
8 -128
16 -88
-16 -72
-24 -16
24 -112
-8 8
-24 -168
8 -8
-56 -64
0 0
-168 -184
-168 -136
-64 -160
-184 -152
-224 -88
-168 -168
-240 -88
0 0
-8 -80
8 16
0 16
64 -176
32 -176
120 -96
72 -168
-48 -120
80 -168
8 0
-8 8
8 0
-104 -192
88 -24
-16 -88
-24 -88
-16 -24
64 -120
-24 -184
-16 -176
8 -32
-16 16
-128 -128
-160 -192
-168 -192
-176 -192
-176 -144
-224 -192
-224 -168
-200 -160
-176 -176
0 -112
-8 -104
8 8
128 -88
-24 -88
192 -56
8 -200
-56 -200
-64 -200
-64 -168
0 0
-80 -168
-80 -160
-8 16
-104 -168
-72 -200
24 -8
72 -144
24 -24
16 -16
64 -104
-8 8
-176 -136
8 -16
-160 -200
-160 -152
-192 -168
-112 -8
-144 0
-152 0
-176 24
-96 -176
0 8
-8 -112
136 -96
128 -96
176 -96
8 -8
-40 -176
128 16
64 -176
8 -8
144 0
16 -16
56 -176
64 -176
-112 -208
0 0
32 8
88 -112
-144 -120
-152 -104
-32 -88
-8 8
-120 -144
-176 -176
-88 -16
-56 -176
-192 -176
-216 -208
0 0
-8 0
-160 -8
-240 -176
0 0
-8 -24
200 -120
192 -120
144 -152
168 16
32 -16
56 0
16 -16
0 0
24 0
-8 -16
-16 -16
80 16
-16 0
0 0
40 8
16 -24
64 -160
-48 -120
-32 0
-8 8
16 -32
-104 -16
-88 -24
-96 -24
-192 -184
-136 -16
0 -8
-136 0
-16 -8
-168 -16
168 -40
-8 -136
-16 -32
-24 -32
24 -224
112 -192
64 -8
48 -16
64 -192
-64 -192
-8 -8
-8 -24
16 -8
120 -16
0 0
-96 -160
8 -104
-24 -184
32 -176
32 -48
-136 -160
16 -32
0 0
40 -16
-8 0
-200 -224
-208 -224
-32 8
-120 -16
-48 8
-176 0
-168 -24
208 -160
-8 -16
200 -144
112 -216
168 -160
72 -16
32 -32
168 -24
48 -16
152 -24
144 -24
-88 -232
-16 -32
-96 -200
-64 -232
8 0
-104 -168
0 -16
24 -224
32 -48
-32 0
8 -16
56 -32
-56 -200
-112 -32
-192 -200
-128 -32
-208 -200
-120 -24
-152 -32
-112 -200
-240 -200
144 -224
-8 -24
200 -152
16 -32
-16 -200
72 -24
24 -24
24 -40
-56 -208
-8 -16
-72 -208
96 -16
32 -208
-8 -24
8 -32
8 -8
8 -24
16 -224
16 -232
-128 -176
8 -16
0 -208
-104 -24
-16 -208
32 -32
-88 -24
-144 -16
-112 -24
-120 -24
-152 -40
-232 -208
-248 -240
208 -176
208 -160
136 -56
-8 -216
-32 -248
144 -16
-40 -216
-48 -216
16 -48
40 -32
0 -48
40 -216
-16 -48
0 -32
8 -32
48 -24
16 -232
16 -232
8 -240
-24 -16
16 -32
56 -40
-72 -40
-112 -32
-128 -24
-72 -216
-96 -32
-32 -16
-120 -56
-232 -248
-136 -56
-248 -248
