0 0
0 0
0 0
0 0
0 0
0 0
0 0
0 0
0 0
0 0
0 0
0 0
-8 0
-16 0
0 0
0 0
0 0
0 0
48 24
24 16
0 0
0 0
0 0
-8 0
-16 0
-24 0
-8 0
-192 16
0 0
0 0
-8 0
-16 0
0 0
24 0
0 0
0 0
0 0
0 -8
0 0
0 0
0 0
0 0
-8 0
8 0
24 8
16 8
0 0
104 88
0 0
0 0
0 0
32 16
16 8
-144 0
0 0
-160 0
-16 -8
-24 -8
-8 -8
0 -8
-8 -8
-16 -8
-24 -8
-32 -8
8 -8
0 0
0 0
0 0
0 0
16 -16
0 -8
0 -8
0 0
8 0
-64 72
136 120
-8 0
0 0
-40 0
-40 -8
0 0
0 0
0 0
-40 -16
-16 -8
-16 -8
16 8
-8 0
-16 -8
-24 -8
-32 -16
-24 -16
-200 0
-16 -16
-24 -16
-32 -16
216 -24
0 0
0 0
0 0
0 0
0 0
0 -16
0 -16
0 -8
40 0
88 64
-8 -8
0 0
-16 16
-8 -8
0 0
0 0
-120 0
0 0
-8 0
-128 0
0 0
-8 0
0 0
0 0
-24 -8
-184 -16
0 0
-200 -8
-16 -24
-216 -8
-224 -8
136 -24
0 0
0 0
-8 0
0 0
0 0
0 -24
0 0
0 -16
32 -8
24 -8
16 -16
16 -8
-16 8
88 80
-96 -8
8 0
0 0
0 0
0 0
0 0
-8 0
-152 -8
0 0
-24 -8
-48 -24
-56 -32
-32 -24
-48 -32
-32 -32
-40 -32
-48 -32
136 -32
8 -24
128 -8
120 -8
0 -40
-32 -40
96 -40
0 0
0 -24
0 0
24 0
0 0
8 -8
-8 8
0 0
0 0
-8 0
104 -40
96 -40
-32 0
0 0
-40 -40
-16 -40
32 -40
-8 -8
-56 -32
-16 -16
-64 -40
-40 -32
-40 -40
-64 -40
-72 -40
136 -40
8 -48
0 -32
112 -16
112 -16
0 0
16 -40
0 -8
0 -32
0 -8
0 -8
0 0
0 0
-16 56
-40 -8
0 0
8 0
0 0
-8 0
-16 0
-64 -40
-72 -40
0 0
8 -48
-160 -40
0 0
-64 -40
-24 -24
-72 -48
-64 -48
-56 -40
-72 -48
136 -8
0 0
-8 0
-16 0
-24 0
-32 0
-40 0
0 0
0 -40
0 -8
-8 -8
8 -8
0 -8
-8 16
0 0
0 0
-16 8
8 32
0 0
-72 24
-80 -24
-56 -32
0 0
8 -56
-160 -48
-136 -48
0 0
-32 -32
-32 -32
-80 -56
-216 -48
-72 -48
104 32
-8 0
-16 0
-24 0
-32 0
-8 0
-16 0
0 0
0 -48
0 -16
0 0
-8 -24
0 -16
0 0
0 0
0 0
0 0
-16 -8
0 0
-64 24
-56 -16
0 0
0 0
8 -64
-176 -64
0 0
-64 -48
0 0
-40 -40
-40 -40
-48 -40
-72 -48
24 -48
16 -48
8 -48
0 -48
112 -48
-8 -48
-16 -48
-40 -48
0 -56
16 16
72 -16
-16 -24
0 0
0 0
8 -8
-120 -8
0 0
-8 24
0 -16
-80 8
-56 -24
-56 -48
0 -8
-32 -72
-176 -72
-168 -24
0 0
-104 -72
-16 -16
-88 -64
-56 -48
-56 -48
160 -40
152 -40
144 -40
136 -40
128 -40
80 -40
72 -40
64 -40
-16 -80
0 0
-32 40
-8 -16
8 -16
8 -16
-112 -16
-120 -16
0 8
0 0
-24 -24
-8 -24
-80 -40
0 16
0 -16
-48 -80
0 -40
-168 -32
-8 -32
-72 -64
-96 -72
-24 -24
-24 -16
-64 -56
0 0
184 32
208 48
144 8
0 8
-8 32
24 -48
16 -48
8 0
0 0
0 -8
0 0
16 -32
16 -24
-112 -24
0 -24
0 0
-16 -32
-24 -32
0 0
-72 -40
0 0
-96 -80
-72 -48
0 -88
-168 -80
-8 -40
-96 -80
-80 -72
-104 -80
-128 -88
-32 -24
0 80
0 -8
80 -72
144 -8
0 0
16 0
40 -8
-24 24
8 -8
0 -8
0 0
-16 -40
0 0
0 0
-8 0
-120 -32
0 0
-32 -16
-32 40
0 -8
-72 8
0 0
64 24
-32 104
-56 -88
-168 -88
-8 -48
-88 -80
0 0
-88 -80
-96 -80
-136 -96
0 -8
160 -48
80 -80
0 8
64 -56
16 -8
40 -16
-24 16
8 -16
0 -16
0 -8
48 -56
-24 -64
8 -72
-8 -32
-24 -8
0 0
-40 -8
-48 -8
-80 -48
-80 -64
-64 -80
0 -48
-184 96
-56 -104
-80 -64
-88 -88
0 8
-112 -96
-112 -96
-120 -96
-104 -88
0 0
160 -56
80 -88
0 0
0 -8
16 -16
40 -24
-24 8
0 -24
0 -32
0 -16
-16 -56
-8 -24
-32 -72
-8 -24
0 0
8 -64
-104 -16
-40 0
-56 -104
-128 -8
-64 -64
0 0
-40 -96
0 0
0 0
-200 -24
-128 -104
-8 0
-120 -104
-128 -104
-128 -104
0 -8
104 -96
8 -8
0 -8
0 -24
16 -24
40 -32
-24 0
0 -32
0 -40
0 -40
0 -32
16 -64
8 -56
8 -64
-16 -64
0 0
0 0
-24 -72
-48 -64
-8 -32
0 -32
24 -8
-184 56
-8 8
-80 -96
-136 -104
-136 -112
0 0
-216 72
-128 -112
-120 -104
8 -32
160 -64
8 -24
80 -96
0 -8
16 -32
32 -64
40 -80
32 -56
0 -48
0 -32
64 -56
16 -72
24 -32
40 -40
-16 -72
-24 -32
-16 -64
-24 -64
-16 -48
-40 -16
-80 -112
0 -72
0 0
-72 -104
-200 -8
-104 -112
-144 -120
-144 -120
-144 -120
-152 -120
-136 -120
0 -24
16 -16
8 -24
72 -96
0 -16
56 -88
32 -96
40 -96
-32 -40
0 -48
0 -56
0 -48
0 -8
0 -40
40 -48
-16 -120
-32 -8
-136 -72
-8 -56
0 -48
0 0
24 8
0 -72
-184 -48
-72 -112
0 0
-104 -112
-136 -120
0 0
-160 -128
-168 -128
-160 -128
0 -24
16 -24
8 -32
56 -112
64 -96
56 -104
56 -104
-32 -32
40 -88
-24 -24
0 -64
-16 -88
8 -80
-8 -16
0 0
56 -24
-24 -88
0 -64
-24 -88
-8 -88
40 -32
-160 -56
0 -88
-184 -48
-96 -120
-168 -24
-120 -104
-136 -128
-136 -128
-152 -136
-168 -136
-160 -136
0 -40
56 32
64 -120
88 -120
32 32
56 -112
48 -112
32 -112
40 -96
-16 -56
0 -72
0 -64
-32 -64
48 -64
24 -104
-120 -32
-24 -80
0 -72
-24 -96
-32 -40
16 -88
-96 -136
0 -96
0 0
-152 -120
-128 -112
-104 -112
-104 -120
0 -16
-224 -64
-168 -144
-176 -144
0 -48
160 -96
152 -64
168 -16
80 -136
-16 -48
-24 -48
40 -128
-32 -64
-40 -40
0 -80
-40 -40
56 -88
48 -72
-32 -64
-16 -112
-16 -128
-40 -32
-24 -104
8 -24
-32 -144
56 -40
0 0
0 -136
-56 -144
-120 -120
-104 -136
-200 -72
-136 -144
-224 -72
-224 -72
-128 -136
0 8
0 -80
176 -24
48 -160
-8 -48
-16 -56
-24 -64
112 -112
-32 -72
24 -120
-32 -48
-56 -48
-24 -80
-40 -80
0 -112
0 -120
-8 -120
8 -80
-24 -56
16 -80
16 -112
8 -8
-64 -168
32 -104
0 0
0 0
-128 -128
-112 -152
-136 -152
-224 -80
-152 -152
-56 -24
0 0
-8 -64
56 -168
48 -168
80 -152
-16 -64
120 -88
112 -120
-32 -80
24 -136
-48 -80
-56 -56
56 -104
48 -120
32 -112
-88 -72
-16 -120
16 -88
16 -40
72 -40
16 -16
-16 24
-64 -176
0 0
-136 -136
-168 -176
-8 -8
-104 -152
-208 -88
-224 -88
-48 -64
-168 -160
0 -96
176 -56
72 -176
64 -176
64 -160
64 -168
64 -152
112 -128
0 0
24 -144
24 -136
40 -80
32 -160
24 -160
0 -128
8 -120
-16 -48
-16 -72
-128 8
48 -72
-32 -176
-24 -168
0 0
-56 -64
0 0
-168 -184
-168 -136
-184 -160
-184 -152
-152 -168
-224 -96
-56 -72
0 0
176 -64
72 -184
64 -184
136 -96
128 -96
64 -160
72 -168
-24 -120
-40 -168
-56 -168
0 0
40 -160
-88 -152
88 -24
-24 -96
-32 -96
40 -72
64 -120
-24 -184
-8 8
8 -32
0 0
-16 32
-160 -192
-168 -192
-168 -144
-176 -144
-224 -192
-224 -168
-200 -160
-152 -168
0 0
-8 -112
224 -80
216 -80
-24 -112
152 -56
-32 -176
-56 -200
24 -8
16 -8
-24 16
-16 0
-80 -160
0 0
-32 16
80 -32
56 -48
72 -144
0 0
0 0
64 -104
8 -8
-48 -128
8 -16
-152 -152
-160 -152
-64 -168
-200 -160
-136 -8
-224 -168
-168 0
-216 -176
0 -8
8 -16
112 -192
216 -88
40 -200
0 0
-48 -208
32 -16
-56 -176
8 0
0 0
-16 -8
56 -176
0 0
-104 -176
0 0
0 0
40 -96
-144 -8
-152 -112
-32 -88
-40 0
-120 -144
-96 -16
-176 -168
-184 -168
-192 -176
-64 -176
-152 8
-128 8
-232 -176
-176 -8
184 -112
-8 -24
112 -200
104 -200
144 -152
0 0
32 -8
24 -8
40 0
168 -16
96 8
-80 -184
-8 -24
-48 8
-8 -8
0 0
0 0
48 -64
64 -160
-32 0
0 0
-8 0
16 -32
-128 -8
-192 -216
-184 -176
-192 -184
-128 -24
-144 -8
-152 -8
-160 -8
-160 -24
152 -24
-8 -32
-16 -32
-24 -32
-16 -200
112 -192
32 -16
32 -32
-56 -192
8 -16
-24 -8
-16 -24
-40 -8
136 -24
0 0
-88 -160
8 -104
-24 -184
32 -176
24 -40
-128 -160
0 0
64 -24
-112 -24
-16 8
-200 -224
-208 -224
-160 0
-168 0
-128 -8
-184 -16
-168 -16
152 -32
176 -128
-16 -32
112 -216
0 -184
16 -16
32 -24
32 -40
24 -40
8 -24
8 -40
0 -40
8 -32
136 -32
-64 -232
0 0
32 -16
0 0
0 -232
-48 -144
-40 0
0 0
-72 -24
-104 -16
-104 -40
-128 -32
-56 -200
-112 -16
-168 -16
-176 -16
-152 -40
-176 -32
152 -40
176 -136
136 -40
0 0
-8 -200
16 -24
8 -32
0 -32
-56 -208
168 -40
-24 -32
152 -40
-88 -208
-48 -24
8 -32
0 -8
8 -8
-8 -232
48 -216
-120 -176
-32 -24
-136 -232
-120 -16
-112 -24
-112 -32
-144 -24
32 -40
-136 -24
-152 -40
-144 -48
-168 -40
-248 -240
208 -176
176 -144
160 -88
8 -200
-32 -248
48 -56
24 -48
0 -32
24 -56
16 -56
-24 -32
-32 -32
-40 -40
0 -32
8 -32
8 -32
80 -176
-24 -248
40 -224
-120 -184
8 -16
-112 -40
-120 -24
-112 -32
-88 -40
-144 -40
-152 -32
24 -48
-152 -48
-216 -208
-240 -248
-248 -248
