0 0
0 0
0 0
0 0
0 0
0 0
0 0
-40 24
136 64
0 0
0 0
0 0
-16 0
-24 0
-24 0
0 0
0 0
0 0
24 16
56 32
0 0
0 0
0 0
32 32
-24 0
-24 0
0 0
0 0
0 0
0 0
-104 40
-16 0
0 0
-8 8
0 0
0 0
-24 0
0 -8
0 0
-40 16
0 0
0 0
16 8
0 0
0 0
-8 8
-24 0
0 0
-40 -8
0 0
0 0
0 0
-16 -8
40 24
0 0
-136 32
-16 0
-24 -8
8 8
0 -8
-8 0
-16 0
-24 0
-32 0
0 0
0 0
0 0
192 -16
0 0
16 -16
0 -8
0 -8
0 0
24 8
16 8
-8 0
0 8
0 0
0 0
-24 0
0 0
0 0
0 0
-40 -16
-16 -8
0 0
-32 -16
-40 -16
16 16
-24 -8
-32 -16
0 0
-8 -16
-16 -8
-24 -8
-32 -8
216 -16
0 0
0 0
-8 -16
0 0
120 16
0 -16
0 -16
0 -8
-16 136
-8 8
8 0
-24 0
-8 16
-40 0
0 0
0 0
8 0
0 0
-8 0
-128 0
0 0
-8 0
-32 -16
-48 -24
-48 -24
0 8
0 0
-16 -24
-16 -24
-32 -24
-32 -24
136 -24
120 0
0 0
-8 0
0 0
0 0
0 -24
0 0
0 -16
24 8
24 -8
16 -16
-88 104
-8 8
0 0
-96 -8
-120 0
-8 0
56 40
8 0
0 0
-152 -16
-152 -8
0 0
-24 -8
-32 -16
-56 -32
-40 -24
-48 -32
-24 -32
-64 -32
-40 -32
136 -32
8 -24
184 32
8 200
0 -40
-32 -40
0 0
0 0
0 -24
0 0
-8 0
8 0
-16 0
-24 8
64 8
0 0
-8 0
0 0
-8 0
-32 0
0 0
-40 -40
-16 -40
32 -32
0 40
16 24
-40 -24
-8 -8
-200 -32
-16 -24
-64 -40
-72 -40
136 -40
8 -48
0 -32
104 -16
0 192
0 0
16 -40
0 -8
0 -32
0 8
-8 8
16 -8
-24 -8
0 0
16 0
0 0
0 0
-8 0
-16 0
-64 -40
-72 -40
-72 -40
0 0
32 -32
-184 -40
0 0
-64 -40
-72 -48
-72 -48
-16 -16
-24 -16
-80 -48
128 -8
0 0
-8 0
-16 0
-24 0
-32 0
-40 0
0 0
0 -40
8 8
-8 0
16 -16
8 -16
0 0
0 0
24 40
16 40
-16 0
0 0
-72 16
0 0
-96 -32
0 0
32 -48
-184 -48
-136 -48
-96 -56
-64 -48
-80 -56
-24 -24
-192 -16
-40 -24
0 0
0 0
-8 0
-16 0
8 0
0 0
-8 0
0 0
0 -48
8 0
0 0
-8 -16
-56 24
8 -8
16 -8
0 0
0 0
-16 -8
0 -8
0 8
-72 -16
-96 -40
0 0
32 -40
-176 -64
0 0
-64 -48
-8 -8
-80 -56
-80 -56
-96 -64
-96 -64
104 144
16 -48
8 -48
0 -48
112 -48
-8 -48
16 120
-40 -48
0 -56
8 0
72 -16
-16 -16
-32 40
0 0
8 -8
-112 -8
0 0
-8 -8
0 -16
0 0
0 -8
-72 -32
0 -8
24 -40
-176 -72
0 0
0 0
-88 -64
-16 -16
-88 -64
-88 -64
-104 -72
120 -40
112 -40
104 -40
96 -40
88 -40
80 -40
72 -40
64 -40
-16 -80
8 16
72 -24
64 -16
8 -16
24 -24
-104 -16
-112 -16
-120 -16
0 0
-24 -24
-8 -24
-80 -32
-152 48
0 -16
-48 -80
0 0
-72 -48
-8 -32
-72 -64
-96 -72
-24 -24
-24 -16
-96 -72
0 8
-8 40
64 -72
56 -64
0 0
0 0
24 -48
16 -48
0 24
80 -16
0 8
64 -24
16 -32
24 32
-104 -24
0 -24
0 -8
-16 -32
-8 -32
0 0
-80 -40
-88 -64
-64 -72
-72 -48
-24 -88
-192 -80
-8 -40
-96 -80
-80 -72
-104 -80
-128 -88
-40 -32
0 0
184 16
80 -72
-8 32
0 -8
40 -16
32 -16
-16 0
0 -8
8 0
64 -32
64 -32
0 40
16 -32
8 -32
-112 -32
8 -24
0 0
-16 -32
0 -8
-8 -32
-64 8
56 24
-184 96
-56 -88
-184 -96
-8 -48
-104 -88
-104 -88
-16 -8
-96 -80
-120 -88
192 16
0 0
40 56
0 0
0 -16
40 -24
32 -32
-16 -8
0 8
8 -8
64 -40
56 8
8 -80
-8 -8
16 -48
-24 -8
-32 -8
-40 -8
-48 -8
0 -48
-80 -56
-96 -72
0 -40
-64 -96
-56 -104
-80 -64
-112 -96
0 8
-112 -96
-112 -96
-120 -96
-104 -88
0 0
0 -8
88 -96
48 -80
0 0
0 -16
104 -40
24 -32
0 0
8 -16
64 -48
-8 -32
-8 16
-32 -72
0 0
0 0
0 -64
-16 -64
-16 -64
-152 0
-56 -56
-8 -48
0 0
32 -24
0 0
-88 -80
-200 -16
0 0
-8 0
-104 -96
-112 -96
-128 -104
200 8
64 -96
40 40
72 -80
8 -32
40 -40
104 -48
24 -40
0 -8
8 -24
0 -24
-24 -32
16 -64
24 -64
8 -64
-16 -56
0 0
0 0
-24 -72
-32 0
-8 -32
-88 -96
-64 -88
-184 -16
-184 -32
-80 -96
-136 -96
-96 -104
-8 -8
-16 -8
-24 -16
-120 -104
0 0
0 8
8 -24
72 -88
8 -40
0 -32
104 -56
-16 -40
-24 -32
8 -32
64 -64
-24 -40
16 -72
32 -56
40 -40
-16 -72
-120 -64
-8 -56
-16 -8
-24 -64
-40 -16
-96 -112
0 -72
-176 -24
-88 -24
0 0
-192 0
-120 -112
-152 -120
-224 -32
-168 -120
-32 -24
200 -8
0 0
0 -8
80 -96
48 -72
48 -40
40 -40
48 -96
-24 -40
8 -40
0 -40
-8 -56
0 0
16 -72
40 -48
-16 -120
-128 -72
-128 -72
-8 -56
0 -48
0 0
-96 -120
0 -72
-184 -32
-80 -120
0 0
-136 -104
-120 -112
-144 -120
-224 -40
-168 -128
-128 -120
8 -40
0 -8
8 -8
0 -8
8 -56
64 -104
32 -96
40 -104
40 -88
-8 -56
0 -48
-8 -64
8 -80
-8 -8
0 0
0 0
-8 -24
0 -72
-24 -88
0 -56
-48 -112
-160 -40
0 -80
-184 -40
-24 -80
0 -8
-128 -104
-160 16
-144 -128
-160 -128
-160 -128
-80 -8
0 -24
0 0
8 -16
80 -48
-24 0
-32 0
32 -112
-48 -16
40 -96
-32 -56
72 -96
0 -24
8 -88
40 -96
64 -40
80 -24
0 -96
0 -80
-24 -96
-32 -40
56 -48
-96 -128
0 -88
0 0
-152 -120
-120 -88
-128 -112
-112 -136
-136 -136
-224 -56
-160 -136
-80 -16
0 -48
160 -96
152 -80
56 -144
-24 -24
-32 -24
40 -112
-48 -24
56 -40
-32 -64
0 -64
64 -96
-32 -48
48 -72
-32 -64
24 -48
32 -96
-40 -24
-24 -104
8 -24
16 -96
-48 -136
0 0
-32 -152
-56 -144
-160 -72
-128 -120
-136 -144
-144 -144
-40 -48
-160 -144
-80 -24
192 -48
0 -72
56 -160
144 -32
-24 -32
-16 -32
24 -136
16 -144
56 -48
8 -120
-16 -80
-8 -88
-32 -56
0 -104
32 -56
0 -120
-8 -120
0 -48
8 -80
-72 -144
-32 -152
8 -8
0 -8
24 -112
0 0
0 0
-136 -128
-160 -8
-144 -152
-224 -64
-168 -152
-80 -32
192 -56
0 -88
56 -168
48 -168
40 -152
56 -136
112 -120
-48 -72
-32 -88
8 -128
-40 -88
-8 -112
-32 -64
48 -104
32 -120
-16 -128
-16 -120
0 -120
-32 -32
-72 -152
16 -16
16 -80
0 -16
0 0
-24 56
-168 -176
-8 -8
-112 -152
-152 -160
-160 -160
-144 -152
-152 -152
0 -88
0 -96
104 -168
96 -168
-24 -80
-24 -56
32 -160
16 -160
-32 -96
32 -144
0 -136
40 -80
32 -80
24 -160
-8 -112
16 -64
0 -120
-16 -72
-144 -72
8 -48
48 -112
16 -88
0 0
-56 -64
0 0
-160 -136
-168 -136
-184 -160
-184 -152
-136 -160
-168 -160
-152 -160
0 -104
184 -72
208 -72
192 -80
-24 -88
128 -112
56 -88
72 -168
0 0
-8 0
-56 -168
-80 -160
32 -160
0 0
88 -24
16 -112
-32 -96
-24 -160
40 -96
24 -32
24 -96
-24 -176
0 0
0 0
-152 -144
-168 -192
-168 -144
-176 -144
-72 -160
-32 -24
-200 -160
-192 -32
0 -8
224 -80
208 -80
200 -80
-24 -104
128 -64
-32 -176
96 -168
24 -8
16 -8
-8 8
-16 16
8 -8
0 0
-40 16
80 -32
-8 -56
72 -144
0 0
32 -104
-40 -192
8 -8
-48 -128
8 -16
-152 -152
-160 -152
-176 40
-112 -8
-136 -8
-8 8
-168 16
-216 -176
184 -104
-8 -120
160 -112
152 -112
-24 -112
-16 32
40 -8
16 0
-56 -176
0 0
24 0
-80 -176
56 -176
0 0
-104 -176
0 0
0 0
-16 -200
40 -104
-152 -104
16 -16
-40 0
8 -16
-96 -16
-192 -208
-96 -16
-192 -176
-128 -16
-120 0
-8 0
-56 8
-160 -16
184 -112
-8 -128
112 -200
152 -120
192 -96
0 0
40 -24
16 0
160 -8
152 -8
0 0
-8 -16
8 0
0 -8
-8 -8
0 0
0 0
-16 -72
64 -160
-32 0
-32 -8
-8 0
-8 16
0 0
-104 -16
-96 -24
-192 -184
-112 0
0 -8
-128 0
-136 -8
-160 -24
0 -8
-8 -32
112 -208
104 -208
-16 -200
112 -192
24 -16
16 -16
40 -8
8 -8
-8 -8
-16 -16
96 0
0 -8
0 0
-80 -160
8 -104
-24 -184
32 -176
24 -40
-120 -160
-40 -8
-96 -8
40 -16
-88 -16
-112 -32
-208 -224
-112 -8
-120 -16
-8 -16
-160 -8
-64 -8
184 -136
176 -128
168 -128
152 -176
168 -160
40 -32
176 -24
48 -24
8 -16
32 -24
152 -24
-16 -24
8 -16
-24 -32
-64 -232
0 0
32 -16
0 0
72 -200
-40 -120
-40 0
0 0
-72 -24
-80 -24
-8 -16
-112 -32
-104 -32
8 -24
-120 -16
-128 -16
-168 -16
-176 -24
184 -144
176 -136
200 -152
0 0
0 0
40 -40
24 -24
136 -16
24 -48
32 -32
-8 -24
16 -32
-88 -208
0 -24
8 -32
0 -8
-72 -176
-8 -232
0 -240
-32 -8
-32 -24
-152 -216
-72 -32
-80 -32
-8 -24
-120 -40
-128 -24
-136 -24
-152 -24
-144 -48
-152 -40
-160 -40
208 -176
208 -160
160 -88
176 -176
-32 -248
192 -40
40 -56
24 -48
128 -24
8 -32
8 -56
-8 -32
8 -48
8 -48
8 -32
8 -32
88 -160
-8 -240
8 -240
-32 -16
-104 -184
56 -40
-72 -40
-72 -48
-112 -32
-16 -32
-128 -48
-144 -32
-136 -48
-144 -56
-240 -248
-160 -48
