0 0
0 0
0 0
0 0
0 0
0 0
0 0
0 0
0 0
0 0
0 0
0 0
0 0
0 0
0 0
0 0
0 0
0 0
0 0
0 0
0 0
0 0
-8 0
-16 0
16 8
8 0
8 0
16 24
0 0
0 0
0 0
0 0
0 0
0 0
0 0
0 0
0 0
0 0
0 0
0 0
0 0
0 0
0 0
96 96
0 0
-16 0
0 0
0 0
0 0
0 0
0 0
0 0
0 0
0 0
40 8
56 40
24 8
8 -8
0 -8
16 16
0 0
0 0
-8 0
-16 0
0 0
0 0
0 0
0 0
0 0
0 0
0 -8
0 -8
0 0
0 0
8 8
88 48
0 0
0 0
8 8
-32 -8
0 0
0 0
0 0
0 0
0 0
0 0
64 40
56 40
0 -8
40 32
-24 -16
-8 -16
-8 -8
0 -8
0 -8
-24 -8
0 0
0 0
0 0
0 0
0 0
0 0
0 0
0 0
0 -8
136 112
32 0
0 0
-16 -8
8 0
104 120
120 152
0 0
0 0
0 0
0 0
-8 0
-24 0
0 0
0 0
40 40
24 24
-16 -16
0 -8
8 8
-8 -16
0 0
-32 -16
0 0
0 0
0 0
0 0
0 0
0 0
0 0
0 0
0 0
0 0
0 0
0 -8
8 -8
0 0
-8 -8
0 0
8 -8
8 0
-120 16
-128 16
8 0
0 0
0 0
0 0
0 0
0 0
-48 -24
-24 -24
-40 -32
16 -8
0 0
-40 -32
0 0
0 0
0 0
0 0
0 0
0 0
0 0
0 0
0 0
0 0
0 0
-72 88
-16 -8
-24 136
-24 0
64 80
8 0
8 0
8 0
8 0
8 0
0 0
0 0
0 0
-192 -32
24 -32
-8 -8
-40 -32
-40 -32
0 -8
-32 -40
-40 -40
0 0
0 0
0 0
0 0
0 0
0 0
0 0
0 0
0 8
0 0
24 24
80 16
-16 0
0 24
64 96
88 88
-24 56
0 0
-8 0
0 0
8 40
0 0
-56 -40
-72 -48
-24 -40
8 48
-200 -48
0 0
-48 -40
-48 -48
-24 -32
-32 -32
0 0
0 0
0 0
-8 0
-16 0
-24 0
0 0
0 0
0 0
0 -16
-48 72
0 -8
8 -24
0 16
96 72
0 0
0 0
8 0
0 120
0 24
-72 40
-112 72
24 80
-184 160
0 0
32 -48
-144 -40
-56 -40
-48 -40
-40 -40
0 0
-56 -48
0 0
-8 0
-8 0
-8 0
-16 0
-24 0
-32 0
0 0
0 -16
0 -16
88 24
0 0
0 -16
64 -8
-80 24
0 0
0 0
0 0
-8 0
-8 112
0 0
0 0
0 -8
-8 40
-56 -48
-64 -64
0 0
0 0
-72 -56
-56 -48
-64 -48
-72 -56
168 -40
168 -40
-8 0
-16 0
-16 0
-16 0
-24 0
-32 0
0 -16
0 -24
24 16
0 0
8 -32
0 0
-8 64
0 0
0 0
8 -8
0 0
0 0
0 16
-80 -24
-56 24
0 8
0 32
8 24
-200 -40
-72 -56
-8 -8
-80 -64
-88 -64
-56 -48
208 24
0 0
-8 0
-16 0
-24 0
-32 0
-40 0
104 -40
0 0
16 16
0 -8
16 -24
0 -8
0 8
-32 8
16 -24
16 -8
-8 -8
0 -24
8 8
-88 56
-64 -8
0 -24
0 -8
0 8
-64 -80
-64 -48
-72 -64
0 0
-16 -16
0 0
-96 -72
0 0
224 40
208 56
64 -64
-24 56
56 -16
56 -32
-24 32
16 -16
16 40
0 8
0 8
0 8
0 16
48 -16
24 -16
16 -8
-8 -16
-16 -16
0 -16
8 32
-120 0
-56 -56
-168 120
-192 152
-8 -32
-200 -40
0 0
0 0
-72 104
0 0
-32 -24
0 0
104 -80
200 40
88 -72
-24 48
56 -24
120 -8
48 -48
0 0
0 0
-8 0
0 8
-56 16
64 -24
56 -24
32 56
0 88
0 8
0 0
0 0
0 0
0 0
24 40
0 -16
0 0
-40 -80
-200 -48
0 0
-40 -16
-48 -40
-56 -40
-24 -16
0 56
0 -8
72 -80
80 -88
-24 40
56 -32
40 24
0 -8
0 -8
0 -8
0 40
0 0
0 72
24 -56
0 0
-8 -24
56 80
24 56
-16 -64
-24 -64
-8 56
8 -48
-104 -96
40 8
0 -8
40 -16
0 0
-216 -8
-40 -16
-48 -40
-56 -24
-24 -16
0 -8
72 -96
72 -88
-8 16
0 -16
56 -40
40 -16
48 -64
0 -24
0 24
0 32
0 -8
-8 -16
0 -8
32 -56
24 -32
32 -40
0 0
-24 -48
-8 -56
-32 -8
8 -56
32 24
0 -8
0 0
-128 -96
-88 -96
-120 -104
0 -8
-48 -16
-56 -24
-64 -48
0 -16
0 -8
72 -88
-8 8
0 -16
56 -32
-8 -8
40 -48
-32 0
0 -24
32 -40
0 -16
8 -32
0 -16
8 -32
0 -8
-8 -56
32 40
-16 -24
8 16
-16 -64
-8 -8
-40 -8
-8 32
0 24
-88 -112
0 0
-8 0
-200 72
0 0
-16 -8
-64 -32
0 -8
136 24
24 32
64 -88
0 -24
56 -56
120 -72
-16 16
-32 -8
0 8
-8 -32
0 -32
-32 -32
0 -24
8 -40
32 -56
8 -64
40 -72
0 -8
-24 -56
-8 -56
-8 -72
-8 32
40 -40
48 -40
8 -8
-208 -24
-40 -64
16 16
0 0
-232 48
-232 80
0 -32
0 -8
0 -8
-8 -8
0 -32
16 -8
40 -88
56 -96
-32 -16
16 -8
-8 -32
-40 -48
-32 -40
0 0
40 -56
0 -80
8 -32
24 40
56 -16
-32 -48
-16 40
-88 -40
0 8
0 0
0 8
0 0
-128 -104
-200 24
-8 -16
-8 -16
-16 -16
-64 -32
0 -24
0 -24
0 -16
64 -112
0 -48
128 -80
40 -96
48 -120
-32 -32
-32 -32
0 8
-48 -8
-32 -48
0 -8
40 -64
40 -72
40 -72
-136 48
-112 -56
-24 -16
-16 32
-8 -64
0 8
40 -56
-192 104
8 -16
-184 -16
-200 16
0 -8
-152 -136
-16 -24
-16 -8
8 24
136 0
8 -48
152 -56
-24 -32
0 8
120 -88
48 -128
-32 -40
-16 -56
0 -8
0 -48
-32 -64
8 -72
16 -96
-48 -56
32 -96
-48 -56
-96 16
0 -56
-16 24
0 0
-160 88
8 -64
0 -96
-128 -112
-40 -88
0 -16
8 -16
-224 -64
-8 -16
-40 -32
0 0
232 16
104 -64
184 -40
0 8
0 0
-32 -32
160 -16
-32 -72
16 -104
16 -64
0 -56
-32 -64
8 -80
0 0
40 -104
40 -112
-24 -64
24 -112
8 -112
0 0
-48 -64
16 -72
-40 32
-24 -144
0 0
-104 -128
32 16
8 -24
-224 -72
-8 -24
-16 -24
0 -72
224 -40
208 -48
200 -48
0 0
48 -144
40 -136
-48 -8
-56 -24
16 -104
24 -120
8 -96
0 -72
-32 -64
-56 -72
8 -112
-16 -64
32 -16
-32 -72
-48 -64
-24 -56
8 -112
16 -72
16 -80
0 0
-168 -136
0 0
-128 -136
8 -32
8 8
0 8
-16 -32
0 -88
-8 -16
184 -40
0 16
48 -160
176 -40
168 -40
-48 -80
-56 -32
96 -112
24 -136
8 -88
-64 -72
8 0
0 0
-8 -16
0 -104
8 -112
0 0
16 -24
-160 -16
-48 -136
0 0
0 0
0 0
0 0
-168 -136
-16 -16
24 0
8 0
0 0
-8 0
0 -96
0 8
8 8
184 -64
0 0
-24 -24
128 -96
168 -48
48 -8
8 0
8 0
-56 -160
8 0
-8 8
-8 8
0 0
0 0
24 -112
24 -88
0 0
40 -80
0 0
0 0
0 0
0 0
-160 -176
8 0
0 0
-176 -136
-16 -8
0 -8
0 -8
0 0
-8 -96
0 16
-8 16
0 -8
184 -56
0 0
48 -8
32 16
24 16
16 24
152 8
104 32
0 0
-24 56
0 0
0 0
0 0
24 -8
48 -88
0 0
56 -112
8 -8
0 0
-152 -184
-160 -184
8 -8
0 -8
-8 -8
-16 16
-208 -168
-168 -8
0 16
0 0
168 -112
200 -88
200 -72
8 -8
-40 -168
16 0
0 8
120 16
144 16
0 24
-72 -160
0 0
0 0
0 0
-80 -136
0 0
-24 -192
72 -112
-48 -104
-40 -136
-16 40
0 0
8 0
0 0
-176 -160
-32 8
-120 0
8 24
-176 8
0 0
0 8
-8 -16
168 -112
-8 0
200 -80
-8 16
8 -8
8 0
160 8
168 16
24 8
24 0
120 0
-40 8
-24 0
0 0
0 0
0 0
8 -24
0 -72
0 0
-8 0
0 0
0 0
-168 -168
-176 -168
0 0
-160 -8
-160 -8
-168 0
-16 8
-176 -16
0 16
0 8
168 -144
160 -120
-16 32
0 0
40 8
16 -24
0 -8
152 0
-16 -16
-16 -24
88 16
120 8
8 -24
0 0
0 0
16 -112
40 -48
40 -192
0 0
0 0
8 -16
56 -16
0 0
8 8
0 0
0 0
-152 0
-168 0
-184 -8
-16 8
0 16
-8 -8
168 -160
0 0
16 -24
192 -32
136 8
8 -8
0 -8
-16 -16
8 -16
-24 -32
0 -16
-16 -32
0 0
0 0
-80 -160
0 -16
48 -176
0 0
-32 0
16 -32
-112 -16
-72 -16
-96 -16
0 0
0 0
8 -8
-152 -8
0 -8
-152 24
-176 -32
0 8
-8 -16
0 8
0 0
0 0
0 0
176 -16
168 -8
120 0
-8 -16
104 0
-32 8
-32 -32
-48 -32
0 0
0 0
-8 16
0 0
48 -176
0 0
16 -32
24 -48
56 -8
-128 -24
-96 -24
-104 -8
-120 16
-104 -40
8 -16
-136 -16
0 -32
0 -32
0 0
176 -184
176 -152
16 -32
-8 -200
56 -24
16 -40
8 -40
8 -48
112 -8
8 -32
-16 -16
0 -32
-40 -32
8 -32
48 -24
0 0
56 -112
48 -184
8 -24
24 -48
-80 -16
72 -24
40 -24
-88 -24
16 0
-112 -24
-104 -48
-24 -16
-136 -32
8 -8
0 -8
0 0
-8 -16
0 0
88 -40
72 -56
184 -32
176 -32
40 -40
8 -56
0 -48
16 -40
-16 -32
16 -56
-24 -40
0 0
8 -32
64 -104
56 -104
56 -160
0 0
32 -64
-104 -40
-120 -8
-88 -40
-128 -40
-168 -16
24 -56
32 -32
-16 -24
-136 -40
-176 -48
0 -32
