0 0
0 0
0 0
0 0
0 0
0 0
0 0
0 0
0 0
0 0
0 0
0 0
0 0
0 0
0 0
0 0
0 0
0 0
0 0
0 0
0 0
0 0
0 8
24 16
16 16
-32 0
0 0
-8 0
0 0
0 0
0 0
0 0
0 0
0 0
0 0
0 0
0 0
0 -8
0 -8
0 -8
0 0
0 0
0 0
16 0
0 0
0 0
0 0
0 0
0 0
0 0
0 0
0 0
0 0
8 8
48 32
40 32
0 8
-24 0
16 16
16 24
0 0
0 0
0 8
-16 0
0 0
0 0
0 0
0 0
0 0
0 0
0 -8
0 -8
0 0
0 0
16 8
24 0
24 8
-8 16
-16 8
88 96
0 0
0 0
0 0
0 0
0 0
0 0
-16 -8
-8 0
24 24
-32 -8
-32 -8
8 8
0 0
0 -8
0 0
-24 -8
0 0
0 0
0 0
0 0
0 0
0 0
0 0
0 0
0 -8
0 0
16 8
8 0
0 0
-8 8
-16 8
96 136
0 0
0 0
8 0
0 0
-8 0
-24 0
0 0
0 0
0 0
-40 -16
8 16
-40 -16
16 8
-16 -24
-16 -16
-24 -8
0 0
0 0
0 0
0 0
0 0
0 0
0 0
0 0
0 0
0 0
32 8
-72 88
-16 -8
-8 32
-96 96
0 0
72 16
0 0
0 0
-8 0
-144 8
-8 0
0 0
0 0
0 0
0 0
-48 -24
8 8
-16 -16
0 0
0 0
-48 -32
0 0
0 0
0 0
0 0
0 0
0 0
0 0
0 0
0 0
0 0
0 0
8 -8
0 24
-24 0
-24 8
-8 16
0 0
8 0
0 0
0 0
0 0
16 0
0 0
0 0
-192 -32
24 -32
-8 -8
-56 -32
-32 -24
-40 -40
-40 -40
-48 -40
0 0
0 0
0 0
120 -16
0 0
0 0
0 0
0 0
0 0
0 -8
0 8
0 0
0 16
-24 0
0 0
-8 16
8 0
0 0
-8 0
0 112
8 0
8 16
-56 -40
-56 -40
-24 -40
0 0
-200 -48
0 0
-48 -32
-40 -32
-56 -40
-72 -40
0 0
0 0
-8 0
-16 0
-16 0
-24 0
0 0
0 0
0 -8
0 -8
0 -8
0 0
0 16
-24 -8
-112 56
-16 48
-8 8
0 0
-8 0
0 0
0 24
0 0
0 0
-48 88
0 0
-192 -8
-160 -32
-56 -40
0 0
-72 -48
-64 -40
-56 -40
0 0
-8 0
0 0
-8 0
-8 0
-16 0
-24 0
0 0
0 0
0 -16
-40 56
0 8
0 -16
0 0
-48 48
0 0
0 0
0 8
-8 0
-8 -8
-88 32
-80 -24
0 0
-40 72
0 8
0 -16
-144 -32
0 0
-64 -48
-8 -8
-16 -8
-88 -56
160 -40
152 -40
160 -40
-8 0
-16 0
-8 0
-8 0
-16 0
0 -24
0 -24
0 8
0 8
-56 48
-16 8
0 0
-8 48
0 0
0 0
-16 0
0 0
8 56
-80 -8
0 0
40 40
0 0
0 -24
-104 152
8 8
-8 -8
-72 -56
-88 -64
0 0
0 0
-8 0
-8 0
-16 0
-24 0
-32 0
-40 0
-48 0
0 0
88 0
80 0
80 8
0 0
16 -24
24 -32
16 -16
16 -8
-8 -8
-8 -24
0 -24
-80 24
-8 -32
32 32
40 32
0 0
-64 -80
-72 -48
-72 -64
0 0
-16 -16
0 0
-96 -72
0 0
224 64
200 72
56 -72
80 -24
56 -8
40 8
40 -8
0 8
0 8
0 16
72 -32
0 8
24 -40
8 -16
8 -16
0 -16
0 -16
-16 0
-8 -32
0 0
-80 8
-56 -56
0 0
-184 128
-8 -32
-200 -40
-72 -72
0 0
-8 -8
0 0
-32 -24
0 0
0 0
200 40
-8 24
0 -8
56 0
48 0
0 -8
0 0
0 0
32 -16
80 -8
-32 0
-48 40
-8 0
0 0
-8 -24
0 0
0 0
8 0
0 0
-32 16
0 -24
40 8
48 -8
-8 -40
-200 -48
-72 -80
0 8
0 0
-8 0
-24 -16
0 8
0 0
32 80
64 -64
64 -32
16 -8
112 -48
40 -24
0 8
0 -8
0 0
72 -48
64 -48
0 0
40 -8
40 -56
24 40
0 8
-16 -64
-8 0
-56 -8
-40 -88
-80 -88
-96 -96
-40 -88
-16 64
-208 -24
-208 80
-40 -16
0 0
-56 -32
-24 -16
240 16
88 -88
0 8
120 40
0 8
56 -32
24 -24
0 -16
0 0
8 24
0 -8
0 -16
-24 -24
8 48
8 -32
8 -24
-16 -24
-80 16
-24 8
16 8
-48 -8
40 0
-72 -16
0 -24
0 -32
-128 -96
0 0
-120 -104
0 8
-8 0
-56 -24
-64 -40
0 -8
88 -88
0 0
64 -80
48 -64
56 -40
112 -64
40 -40
32 -16
88 -40
40 -16
-16 -32
-16 -48
0 -16
32 -48
32 0
16 -64
96 32
-32 0
-8 -48
-24 -64
0 0
-8 32
0 -40
0 0
-96 -112
0 0
8 16
8 16
0 0
-56 -16
-24 -16
0 0
0 -8
0 -8
64 -80
24 -40
48 16
56 -64
0 0
-8 -40
0 -32
0 -24
-16 -40
-16 -56
0 -24
8 -8
32 -56
0 -40
88 -8
8 80
-16 -56
-8 -56
0 0
-64 -80
8 -16
0 -40
-24 -72
-112 -112
0 32
24 16
-8 0
-8 8
-24 -16
0 -8
0 8
72 -96
88 -96
64 -56
48 -64
120 -80
56 -96
0 8
-8 -40
-8 -40
0 -40
-16 -64
24 -88
24 -32
-8 24
16 -40
-16 -96
0 -8
-24 -48
-24 -32
-56 -56
-64 -88
-8 16
0 -48
48 8
-104 -104
-136 -112
-208 -48
16 8
-16 -8
-24 -8
32 40
104 -104
72 -96
64 -104
64 -80
48 -96
40 -88
-40 -24
0 0
24 -48
-8 -48
0 -48
-32 -48
24 -96
48 -72
-8 -56
48 -80
-136 -48
-24 -88
-8 -72
-24 -40
-96 -56
8 -24
8 -32
0 -56
-200 -32
0 0
-104 -120
-208 -56
-8 -8
-16 -8
-24 -8
0 -24
0 -8
0 0
-8 -56
-24 -8
16 -16
40 -104
-40 -32
0 -8
16 -8
0 -48
0 -56
-16 -80
16 -48
32 -96
8 -104
-8 -48
16 8
24 -96
-8 -32
-16 -96
-32 -32
56 -48
8 -72
24 -104
-168 -32
0 -8
-200 -56
-208 -64
-112 -128
-120 -128
-24 -8
0 -56
104 -136
8 -8
200 -16
-24 -32
72 -120
40 -112
-40 -32
48 -96
96 -104
-8 -72
0 -64
-32 -64
16 -56
0 0
0 -56
8 0
0 0
24 -112
-32 -88
-24 -48
8 -104
16 -80
0 0
-24 -144
0 0
-120 -104
-136 -144
-112 -144
-112 -136
-16 -16
-160 -144
8 16
224 -32
232 -24
184 -48
0 -8
-24 -48
0 16
-48 -64
48 -104
96 -112
16 -88
-32 -72
-32 -72
-32 -72
-48 -56
8 -112
-16 -64
-24 -64
-16 -112
-16 -120
-24 -48
-56 -120
8 -8
0 0
0 0
-168 -136
0 0
-200 -48
-136 -152
-224 -72
-120 -144
-160 -152
0 -80
232 -48
192 -56
184 -56
0 -16
-24 -56
0 8
-48 -72
-32 -64
96 -120
16 -104
-48 -56
0 -72
0 0
-8 0
24 -56
0 -104
0 -104
0 -120
16 -24
-160 -48
-16 8
-16 8
0 0
0 0
0 0
-168 -136
-16 -16
-8 -40
-16 -16
-144 -152
-136 -160
8 16
-8 -80
192 -64
184 -64
-24 -88
-24 -88
0 0
48 -8
168 0
0 0
0 0
-56 -160
0 0
0 0
88 48
80 -24
0 -88
24 -88
24 -88
40 -64
0 0
-8 0
8 -8
-32 -40
-8 16
0 -8
0 0
-8 0
-176 -136
0 0
-120 -160
-152 -160
0 -104
0 -8
168 -88
200 -72
0 -8
80 -168
0 0
32 32
184 16
176 16
96 48
16 32
-8 32
96 40
0 0
-56 -184
0 0
0 0
24 -8
8 -8
72 -104
16 -16
-48 -88
-8 16
8 -16
8 -8
0 -8
-8 -8
-112 -8
-184 16
-48 -160
-176 -8
8 16
0 0
168 -112
160 -112
0 -16
8 -8
64 0
24 8
32 16
-8 0
-8 0
160 16
104 16
0 0
-24 0
0 0
0 0
0 0
-24 -192
32 -144
-24 -40
-40 -136
0 0
0 0
0 0
-8 0
-192 -168
0 0
-112 -8
-168 0
-8 0
0 8
184 -152
128 -64
168 -120
160 -120
-24 -120
0 0
200 0
192 0
16 -8
168 8
32 -16
0 0
136 -16
0 40
0 0
0 0
0 0
0 0
8 -24
0 -112
0 0
-8 0
0 0
-120 -16
-128 -16
-176 -168
0 0
-168 0
-120 40
-128 0
-168 -8
-160 -8
184 -160
128 -72
168 -136
160 -136
0 0
0 0
192 0
56 -8
152 16
152 0
0 -8
-24 -16
8 0
112 16
8 -24
0 0
8 -16
0 0
0 0
96 -144
0 0
-40 16
-136 -8
-96 -16
-120 -16
0 0
0 0
-160 -16
-8 16
-128 -8
-16 0
-24 -8
0 -8
0 -8
216 -120
0 0
0 0
0 0
192 -8
184 -8
24 8
0 -24
-16 -24
0 0
-48 -16
-8 -8
0 0
0 0
40 -8
0 -16
0 0
0 0
0 0
8 -16
-80 -8
-112 -24
-112 -32
-104 -32
32 16
0 8
-120 -8
-144 8
-152 16
-184 -32
192 -144
176 -176
160 -80
0 0
0 0
0 0
32 -32
24 -32
0 -32
32 16
144 -24
144 -8
-16 -24
8 -24
0 0
0 0
0 0
0 0
48 -176
0 0
0 0
24 -48
-64 -40
-80 -24
-16 8
-152 -24
-96 -40
-112 16
-8 -16
-120 -24
8 -32
-160 -8
192 -152
176 -184
8 -16
0 0
-8 -200
176 -24
176 -32
168 -32
0 -40
-8 -40
32 -32
136 -24
16 -32
136 -24
8 -32
48 -24
0 0
0 0
48 -184
8 -24
24 -48
-72 -24
48 -24
-80 -16
-104 0
-128 -40
-128 -48
-104 -48
-128 -48
-168 -48
-144 -48
-8 0
192 -104
-8 -32
16 -32
64 -56
80 -64
200 -32
64 -40
8 -56
184 -48
152 -32
160 -32
0 -8
16 -56
16 -56
0 0
8 -32
64 -128
56 -128
40 -80
0 0
32 -64
48 -16
-96 -40
-120 -48
-128 -48
-168 -16
-168 -16
-16 -8
16 -8
-168 -56
8 -40
-184 -56
