0 0
0 0
0 0
0 0
0 0
0 0
0 0
0 0
0 0
0 0
0 0
0 0
0 0
0 0
0 0
0 0
0 0
0 0
0 0
0 0
0 0
0 0
-8 0
0 0
-24 0
48 32
0 0
-8 0
0 0
0 0
0 0
0 0
0 0
0 0
0 0
0 0
0 0
160 168
0 -8
0 -8
0 0
0 0
0 0
8 0
0 0
-24 0
0 0
0 0
0 0
0 0
0 0
0 0
0 0
32 8
16 0
56 40
-16 -8
-16 -8
40 24
0 0
0 0
0 0
0 0
-16 0
0 0
0 0
0 0
0 0
0 0
0 0
0 0
0 0
0 0
0 0
0 0
32 8
80 88
0 0
-32 0
0 0
0 0
0 0
0 0
0 0
0 0
0 0
-8 -8
-16 -8
0 -8
-8 -8
-32 -16
32 16
-8 -8
0 -8
0 -8
-24 -8
0 0
0 0
0 0
0 0
0 0
0 0
0 0
0 0
0 -8
0 0
16 8
-64 128
-16 -8
0 -8
-104 104
104 112
8 112
0 0
24 0
-8 0
-16 0
0 0
8 0
0 0
32 32
-40 -16
-16 -16
-40 -24
24 8
0 0
-16 -8
-24 -8
0 -16
0 0
0 0
0 0
0 0
0 0
0 0
0 0
0 0
0 -8
32 8
16 -16
8 -16
104 104
-32 0
-8 16
-80 40
8 0
24 0
-152 -32
0 0
0 0
-152 40
-144 40
0 0
0 0
-48 -24
-40 -24
-40 -32
-16 -24
-16 -8
-32 -24
0 -8
136 -8
144 -8
0 0
8 8
0 0
0 0
0 -8
0 0
-40 56
128 104
-8 -8
-16 -8
-8 24
56 24
-8 -32
8 0
0 0
8 0
8 0
0 0
8 0
0 0
-24 -40
-192 -32
32 -32
40 32
-56 -32
-32 -32
-24 -32
-56 -40
0 -8
0 -16
0 0
0 0
120 -16
0 0
0 0
0 0
0 -8
0 0
24 16
0 -8
120 96
0 8
0 0
0 0
-16 32
24 64
16 64
16 40
0 0
0 0
-56 -40
-56 -40
-56 -40
-16 -40
-192 0
-32 -24
0 0
-64 -40
-56 -48
0 0
-64 -48
0 0
0 0
-8 0
-16 0
0 0
-8 0
0 0
0 -8
0 -8
24 8
16 8
0 0
0 0
0 -8
8 -8
0 112
-16 56
0 0
8 8
8 16
-72 32
40 88
-48 -40
0 72
-48 168
-192 -8
-160 -40
-56 -40
24 16
-40 -40
-72 -48
-56 -48
0 0
-8 0
0 0
-8 0
-16 0
-8 0
-16 0
0 0
0 -16
0 -8
24 -16
80 8
-16 -24
0 -16
-8 16
-8 48
16 0
0 0
-8 -8
0 -8
-72 8
0 0
64 56
56 56
0 -8
-192 -16
-144 -32
-64 -48
-64 -48
-40 -40
-16 -8
-88 -56
168 -40
160 -40
160 -40
152 -40
-8 0
0 0
0 0
-8 0
0 -24
8 0
16 48
-8 -8
0 8
8 -8
-8 40
24 40
0 0
-8 0
-16 0
0 -8
-80 48
0 -8
0 -16
0 16
0 -16
-192 -24
-144 -64
0 0
-8 -8
-72 -56
-88 -64
0 0
0 0
-8 0
0 0
-8 0
-16 0
-24 0
-32 0
-40 0
0 0
88 -24
-32 32
-40 8
0 8
0 0
8 -24
8 0
0 -8
8 8
-24 40
8 -8
-80 16
-56 16
56 48
0 8
0 -16
32 -72
-72 -48
16 16
-8 -8
-16 -16
0 0
-96 -72
0 0
0 0
208 48
0 0
0 8
40 -24
0 0
40 -32
32 32
88 -32
80 -24
-40 0
0 0
16 -32
0 24
8 -16
0 -16
-8 -16
8 -16
-40 56
-48 -16
-56 8
0 -16
0 32
-8 40
-56 136
-200 -40
-72 -72
0 0
-16 -16
0 0
-32 -24
184 -32
0 0
8 56
-8 8
32 40
56 -16
40 -24
0 0
0 -8
88 -40
80 -16
-40 -8
-8 -8
-40 80
0 -64
32 56
0 8
16 -24
8 0
-24 16
-32 16
-144 16
0 -40
56 8
48 -8
16 -48
-200 -56
-144 -96
16 8
0 0
-24 -24
-32 -24
0 56
0 0
96 -72
144 -40
64 -48
56 -24
40 -16
-16 0
32 -16
8 -32
0 -8
16 -40
0 16
8 -32
40 -8
8 56
16 -16
32 -56
-16 -64
-24 56
8 -56
-168 80
0 0
-56 -88
-16 72
-8 -48
-208 -24
-32 -32
-40 -8
0 0
-8 0
-16 -8
112 -56
72 -96
80 -80
56 -80
64 -56
56 -32
40 -24
-16 -8
48 -48
0 0
80 -32
-48 16
-48 0
16 -56
0 0
32 -40
-16 24
-32 -24
0 -24
8 0
-40 -88
-48 -72
-56 -80
0 -24
40 -16
-192 -16
32 8
8 0
16 8
-232 72
-56 -16
-16 -8
112 -64
0 8
152 -56
64 -88
24 -24
0 -16
40 -32
-16 -16
48 -56
88 -64
0 -24
-40 -32
-8 -32
8 -32
16 -40
24 -32
40 -24
-16 -72
-16 -48
-32 0
0 -32
-16 -64
-8 32
0 16
-192 104
-104 -112
-208 -8
8 0
0 0
8 0
-56 -48
-64 -24
0 16
0 8
96 -96
56 -96
64 -72
56 -48
0 -40
48 -32
-8 -32
88 -72
80 -48
-24 -40
0 -8
16 -72
32 -16
-8 -40
40 -32
-136 32
-16 -56
-8 -40
-8 -56
0 -32
8 -32
40 -40
0 0
-24 -72
-200 -24
32 32
-8 -8
0 0
-16 -8
-64 -56
0 -8
96 -120
152 -72
88 -96
0 -24
128 -80
120 -80
24 -104
0 0
-8 -48
80 -72
-48 -8
0 -16
0 -24
0 8
0 -64
40 -40
0 0
8 16
-32 -16
0 -64
0 -40
0 8
0 0
-192 -48
-200 -24
-40 -72
-200 -40
24 16
-200 72
-8 -8
-24 -24
0 0
0 -8
96 -104
64 -112
-16 8
64 -48
40 -88
56 -112
0 -8
-32 -16
-8 -32
-40 -56
-32 -56
16 -88
16 -96
48 -48
0 -128
-24 -88
-16 -88
-8 -56
0 -72
8 -24
16 -56
40 -56
-192 80
-128 -120
-96 -104
0 0
24 8
-200 64
-24 -24
-24 -16
0 -24
0 -16
0 0
-8 8
-24 -16
72 -120
64 -112
48 -136
0 -16
16 -88
80 -72
-48 -24
-32 -64
8 -80
0 -16
-8 -80
-48 -56
-16 -104
-24 -56
-32 -80
0 -80
-56 -104
16 -64
8 -72
56 -80
-104 -96
-96 -112
-192 0
0 -24
-232 -8
-16 -24
-24 -24
0 0
88 -144
160 -88
192 -40
-24 -32
72 -128
120 -96
-48 -32
56 -112
96 -104
-32 -48
-48 -32
-32 -72
-24 -40
16 24
-48 -48
0 0
16 -112
8 -112
-24 -56
16 -40
-40 -144
16 -80
16 -56
-24 -144
0 0
0 -24
-200 -64
-208 0
-224 -72
8 -8
-32 -40
0 -72
24 40
192 -48
200 -48
0 0
64 -152
-32 -64
-48 -64
-32 -72
40 -128
-40 -64
-8 -104
-32 -80
-32 -56
0 -104
40 -80
32 -56
-8 -8
16 -96
-40 -32
-144 -72
24 -88
40 -104
16 -64
-120 -136
-168 -136
0 0
-128 -136
24 -8
-136 -152
-64 -64
-24 -40
0 -88
-8 -64
160 -120
200 -56
-24 -80
-16 -24
-32 -72
-48 -72
-32 -80
96 -112
24 -144
-8 -112
-56 -72
0 0
-8 0
-8 -88
0 -104
16 -104
16 -104
-40 -128
-160 -32
16 -16
-176 72
0 0
0 0
0 0
-168 -136
-16 -16
24 -24
-136 -160
-144 -160
-152 -160
0 -96
-8 -24
208 -72
200 -72
-32 -40
-24 -88
-24 -32
8 0
0 0
0 0
0 0
80 -160
0 0
0 0
-16 24
-80 -152
24 -88
16 -88
-32 -136
24 -8
16 -8
8 -8
8 -8
-56 -80
0 0
0 -8
0 0
-8 0
-176 -136
-168 0
-144 -168
-160 -168
192 -104
208 -88
168 -104
160 -120
-32 -48
176 -72
0 0
-16 24
32 16
112 16
104 16
-16 8
8 -8
8 -8
0 0
-56 -176
-128 -136
8 0
0 0
24 -16
0 0
16 -16
-48 -128
0 0
8 -16
0 -16
0 -8
-8 -8
0 0
-40 32
-48 -160
-176 -8
152 0
-8 -104
168 -112
160 -128
0 8
8 -8
8 -8
160 16
184 16
8 0
-8 16
24 0
0 0
0 0
-64 0
0 0
0 0
-136 -144
-24 -192
0 0
16 -8
-40 -136
0 0
-152 24
0 0
-8 0
0 16
0 0
-112 -8
-160 0
-168 0
-192 -8
152 -8
-8 -24
168 -112
160 -120
144 -152
0 0
144 16
24 -8
176 16
0 -8
32 -16
-8 -16
136 -16
0 0
0 0
0 0
0 0
0 0
-8 -16
-8 -80
0 0
-8 0
8 -16
0 0
-96 -8
-176 -168
0 0
16 -16
-160 -8
-160 8
-24 40
-184 -16
0 8
176 -160
168 -96
160 -96
0 0
0 0
16 8
16 -16
48 -24
-8 -16
-16 8
128 32
-32 -8
-32 -16
0 0
32 16
8 -16
0 0
0 0
64 -168
0 0
0 0
-136 -8
-120 -24
-112 -16
-176 -176
0 0
-144 -8
16 8
-128 -8
-128 -24
0 0
0 0
184 -136
216 -120
0 0
0 0
0 0
24 -24
8 -16
8 -8
-8 -8
16 -8
-32 -32
136 -32
8 -16
0 0
0 0
0 -16
0 -16
0 0
0 0
0 0
16 -32
-112 -24
-96 -16
56 -8
0 0
-8 0
-152 -8
-168 -24
16 -8
-168 -24
-168 -24
192 -104
184 -144
168 -96
0 0
0 0
152 -8
184 -24
8 -24
0 -32
40 -40
8 0
-32 -32
8 -24
128 -40
0 0
0 0
40 -16
0 0
0 -8
-32 -8
0 0
0 0
-64 -24
-120 -16
-128 -40
-160 -8
-96 -40
-112 -24
-112 -40
-16 -16
-168 -32
-64 -24
192 -112
144 -40
168 -104
0 0
-8 -200
176 -24
136 -32
136 -16
128 -16
160 -32
32 -32
16 -32
-16 -40
8 -48
8 -32
8 -16
0 0
0 0
72 -192
-32 -16
0 0
40 -168
-112 -40
24 -168
-120 -40
-120 -48
-16 -16
-104 -48
-24 -16
-40 -16
-184 -48
-48 -16
0 0
-8 -24
16 -32
24 -48
192 -56
32 -48
64 -40
128 -40
8 -48
0 -40
-24 -48
16 -40
16 -56
8 -32
0 0
0 0
64 -120
56 -128
48 -192
-8 -120
8 -16
-80 -16
72 -32
-112 -40
-104 -16
-168 -16
-168 -24
-104 -48
-128 -48
-48 -40
-16 -16
-184 -56
