0 0
0 0
0 0
0 0
0 0
0 0
0 0
0 0
0 0
0 0
0 0
0 0
0 0
0 0
0 0
0 0
0 0
0 0
0 0
0 0
0 0
0 0
-8 0
0 0
8 0
8 0
-8 0
8 8
0 0
0 0
0 0
0 0
0 0
0 0
0 0
0 0
0 0
0 0
0 -8
0 -8
0 0
104 72
96 72
0 0
-8 0
-24 0
0 0
0 0
0 0
0 0
0 0
16 8
0 0
0 0
40 24
0 0
0 0
0 -8
-8 -8
8 0
16 0
0 0
0 0
-16 0
0 0
0 0
0 0
0 0
0 0
-8 -16
0 -16
0 0
0 0
8 0
0 0
128 112
0 0
-24 8
-32 0
0 0
-16 -8
0 0
0 0
0 0
-8 -8
40 24
0 0
-8 0
-16 -8
-32 -8
-16 -8
0 -8
8 8
0 -8
0 -8
-24 -8
0 0
0 0
0 0
0 0
0 0
0 0
0 -8
0 -8
0 8
-40 144
0 0
0 0
-16 -8
8 8
104 120
-32 -8
-80 168
0 0
0 0
0 0
-8 0
-24 0
0 0
8 0
-32 -16
-24 -8
-32 -16
-24 -16
8 16
-8 -16
0 0
-8 0
0 -16
104 168
0 0
0 0
0 0
0 0
-48 -8
0 -8
0 0
40 0
32 8
-8 -8
8 -16
0 0
0 0
0 0
48 0
-128 0
-72 168
8 0
64 160
-24 0
0 0
-56 0
0 0
-8 -8
24 24
-40 -24
-32 -24
-16 -24
0 0
-16 8
0 0
128 -8
144 -8
0 -8
176 144
0 0
0 0
0 -8
0 8
8 136
8 16
16 -24
16 -8
-16 16
0 56
0 -32
16 0
8 0
8 0
0 0
-8 0
0 0
-8 0
-184 -32
40 -40
40 -32
8 8
16 16
-48 -32
0 0
0 -8
-48 -40
0 -8
0 0
0 0
-24 -48
176 152
168 136
0 0
0 0
0 0
8 128
8 8
24 -16
8 -16
-24 0
16 -24
0 0
24 0
16 0
8 0
8 0
0 0
-48 -40
-88 -48
8 16
40 -8
8 48
-8 -16
0 0
8 8
-48 -48
-48 -40
-64 -48
0 0
0 0
16 0
8 0
0 0
-8 0
0 0
0 0
0 -8
8 120
24 -16
16 -24
0 -8
64 88
0 0
-8 24
0 0
8 0
8 8
8 16
0 8
-136 88
48 48
-8 80
40 -16
-192 -24
-64 -56
-64 -48
-32 -32
0 0
-72 -48
-72 -48
0 0
8 0
24 0
16 0
8 0
0 0
112 160
0 0
0 -16
88 0
24 -16
-8 -32
0 -16
56 0
0 16
16 -8
48 128
-8 0
0 -8
8 8
-120 72
8 48
0 0
-56 -48
-32 -56
8 32
-96 160
24 16
-72 -56
-40 -40
-48 -40
-16 -8
64 136
168 -40
168 -40
104 -40
96 -40
88 -40
96 -48
72 -40
0 -24
24 0
0 0
-16 80
-16 -24
0 0
-8 48
8 0
0 0
-8 0
-8 8
0 -8
-72 8
0 24
0 -8
40 32
0 -16
-192 -24
-144 -56
-80 168
0 0
-72 -56
-88 -64
-40 -32
144 -40
8 0
0 0
120 -40
112 -40
104 -40
96 -40
88 -40
0 0
88 -24
0 0
0 -8
64 -16
8 0
32 64
0 0
0 -8
0 0
0 8
0 16
-80 8
-136 64
0 -8
40 24
0 -16
-192 -32
-144 -32
0 0
-8 -8
8 0
0 0
-96 -72
8 128
0 0
-8 72
192 48
40 -48
56 -16
40 -24
24 -40
40 -16
0 -8
0 0
0 -8
0 -16
16 -32
8 48
8 -16
0 -16
0 -24
-8 -32
-8 -40
0 -8
0 -8
0 -8
0 8
-8 64
16 -80
-16 -56
-32 32
0 0
-72 104
0 0
-8 -8
0 0
0 -8
200 40
0 -8
40 -56
56 -24
40 -24
40 -48
0 0
0 -16
0 0
8 -16
72 48
-96 32
32 0
24 -8
-8 -24
0 -16
-8 -40
-24 -40
-8 -40
-136 48
0 -24
0 56
-24 80
-8 -40
-192 -48
16 8
8 8
-16 -16
-24 -24
-8 -8
0 8
0 0
200 32
0 16
72 -8
16 0
40 -32
0 -8
40 -32
8 -24
0 -8
0 -24
-8 -32
8 40
40 -56
-8 -32
0 8
8 104
-144 -16
-120 32
-32 -80
-168 24
-96 -96
0 48
-16 72
-8 -48
-144 -24
0 0
0 0
0 0
-240 96
-32 -24
0 0
72 -96
200 32
80 -96
72 -16
56 -40
40 -32
0 -16
40 -40
0 -32
0 -16
0 0
64 -56
24 -64
16 -64
24 -24
0 0
-24 -32
0 -64
-112 24
16 -40
-168 0
-152 40
0 -16
-32 80
-104 -96
-80 -96
0 0
-8 -8
-48 -24
-56 -24
-16 -8
0 -8
104 -96
8 -24
80 -104
64 -72
56 -48
112 -64
0 -16
40 -48
8 -40
-8 -8
0 -40
-32 -24
24 -64
24 -64
24 -32
48 0
-32 0
-8 -40
-8 -64
8 -40
-16 -64
-56 -88
0 -64
-184 96
16 -8
8 0
0 0
-8 -16
-16 -16
-24 -16
-24 -16
0 -16
104 -104
8 -32
0 -8
0 8
56 -56
40 -24
40 -80
-8 -32
8 -48
0 -32
8 -48
-32 -32
0 -8
16 -56
8 -32
48 -16
-24 -56
-8 -64
-16 -48
-16 -40
-40 -8
48 -24
32 -56
-184 64
-24 -56
-112 -112
-40 -48
-48 -48
-144 -120
-24 -16
-32 -24
0 -24
104 -112
8 -48
88 -40
64 -88
0 0
-8 0
-48 -8
-32 -40
-8 -40
-8 -24
0 -24
-32 -40
0 -16
40 -40
0 -64
48 -16
-136 -32
-24 -64
-8 -56
0 -56
0 8
8 -48
32 -56
-192 -40
16 -16
-184 -16
0 -8
0 -8
0 0
-24 -16
-32 -24
0 -8
104 -120
8 -56
64 -120
-24 -16
-16 -24
32 -112
48 -128
-32 -48
24 -64
0 -72
0 -32
-32 -48
8 -64
0 -64
48 0
-120 72
-136 -32
-16 -88
-8 -88
0 -64
8 -24
0 0
32 -72
-120 -136
-128 -120
-96 -104
-96 -120
24 0
0 -8
-64 -64
-32 -24
0 -48
0 -48
72 -128
152 -64
0 16
72 -128
64 -112
56 -128
48 -96
-16 -56
-8 -40
0 -80
-32 -56
8 -80
48 -80
32 -104
32 -104
-104 -16
8 -56
-8 -72
0 -80
-40 -128
8 -56
-48 88
-48 64
-104 -104
-184 -32
-192 0
-48 -72
0 -16
8 -8
-32 -32
0 -72
216 -24
0 8
192 -48
48 -144
176 -16
-24 -64
160 -16
48 -104
-32 -24
0 -80
8 -88
-32 -64
-32 -80
40 -104
-48 -8
-32 -112
32 -80
-72 -136
-8 -104
16 -40
8 -24
8 -8
0 0
0 -136
-160 -128
-96 -120
0 -32
0 -32
0 -24
8 -16
-24 -32
0 -80
200 -48
200 -56
192 -56
-32 -40
176 -32
40 -144
192 16
40 -72
8 -128
16 -96
16 -128
8 -96
-32 -56
8 -120
-8 -96
16 -72
-80 -72
-8 -56
-24 -56
16 -80
16 -16
-8 8
8 -104
-120 -168
-160 -128
-96 -136
-136 -144
24 -24
0 -32
-232 -8
0 -24
0 -88
0 16
200 -72
192 -72
-24 -80
176 -40
40 -152
40 -160
8 -136
8 -144
16 -128
-16 -24
8 -104
-24 -96
-8 -104
-16 -56
0 -128
8 -120
8 -120
24 -56
-24 -72
0 0
-16 16
0 0
0 0
-160 -168
-200 -176
-160 8
-8 -48
0 -40
-232 -88
-240 -16
8 32
0 8
160 -120
192 -80
-32 -56
-32 -24
72 -160
24 -168
-56 -56
32 -8
-8 0
-16 0
-16 0
-72 -160
-64 -136
-8 -112
24 -88
8 -88
32 -64
24 -8
-16 24
24 -80
-8 -8
-24 16
-24 48
-160 -176
-168 -176
-176 -144
-24 -24
-232 -48
-232 -24
-240 -80
0 8
-8 -24
168 -120
160 -120
200 -56
208 -48
0 0
-32 48
32 -8
-24 8
-8 0
160 16
-48 8
-8 8
0 0
-88 -168
-96 -48
8 16
24 -16
40 -88
56 -120
48 -120
-16 8
-24 48
-152 -184
-160 -184
0 -8
-8 -8
-8 8
-184 -144
-160 -8
-192 -8
192 -80
160 -96
168 -112
160 -128
200 -64
136 -128
-8 8
56 -16
24 8
-24 0
168 8
24 0
-72 -160
0 0
0 0
0 0
0 16
0 16
-32 -200
-56 -200
64 -112
-8 0
-16 32
8 -16
-152 -192
-8 0
0 8
0 0
-128 8
-120 8
8 8
-184 0
192 -88
168 -64
168 -120
160 -120
-24 -16
-16 32
152 16
16 -16
184 0
24 8
-8 16
-40 -8
16 -24
8 -16
0 0
0 0
0 -8
0 0
-136 8
8 -8
-24 -144
-32 -144
8 -16
-112 -16
-96 -8
-176 -168
0 0
-104 -24
-152 16
-168 -8
8 0
-200 -8
192 -96
168 -72
216 -112
208 -112
16 -24
16 -24
24 -16
56 -8
-8 -16
16 -24
8 -24
160 -8
0 0
120 8
-40 -16
0 0
40 0
0 -24
48 -112
16 -40
-120 -152
-48 24
-8 16
-112 -24
56 -8
-176 -176
0 -16
-152 -16
-144 -16
-144 -24
-192 16
-160 -16
192 -96
-8 -24
168 -104
0 0
8 -16
0 0
64 -16
32 -16
176 -16
-24 8
8 -16
-40 -24
136 -32
120 -16
0 0
0 0
32 -16
0 -16
48 -160
0 0
0 0
-8 16
-88 -24
-96 -16
40 -32
-128 -32
-112 -24
-128 -16
-144 -24
16 -16
0 -16
0 -16
192 -104
-8 -32
168 -112
0 0
0 0
0 -8
24 -32
0 -32
-16 -16
8 -8
120 -8
128 -16
0 -16
8 -48
0 0
0 0
-8 8
-8 8
48 -176
-32 -8
0 -8
0 0
-64 -24
-88 -16
8 -8
-96 -40
-104 -32
-128 -32
-128 -16
0 -40
-152 -32
-176 -40
192 -112
184 -120
168 -120
8 -24
-16 -208
192 -48
48 -24
192 -32
24 -32
-8 -32
8 -48
-16 -16
152 -32
-40 -32
8 -32
8 -32
0 0
0 0
48 -184
8 -16
16 -40
-120 -8
-128 -24
-136 -8
-112 -40
48 -32
-128 -16
24 -32
-176 -40
-160 -48
-40 -16
-48 -16
176 -72
184 -128
8 -16
-16 -216
192 -56
200 -40
24 -56
16 -56
184 -40
176 -40
152 -56
128 -32
120 -32
120 -40
8 -32
48 -32
8 0
0 -8
48 -184
-32 -112
24 -56
-104 -40
-88 -48
-88 -32
24 -32
-152 -48
-168 -24
-128 -56
-128 -48
-160 -56
-168 -56
-176 -56
