0 0
0 0
0 0
0 0
0 0
0 0
0 0
0 0
0 0
0 0
0 0
0 0
0 0
0 0
0 0
0 0
0 0
0 0
0 0
0 0
0 0
0 0
-8 0
0 0
0 0
0 0
-8 0
24 24
0 0
0 0
0 0
-16 0
0 0
0 0
0 0
0 0
0 0
0 -8
0 -8
0 -8
0 0
0 0
-8 0
128 104
-8 0
0 0
0 0
0 0
0 0
0 0
0 0
0 0
48 24
0 0
16 0
-16 0
0 0
-8 -8
-16 -8
0 -8
8 0
0 0
-8 0
-16 0
0 0
0 0
0 0
0 0
8 8
-8 -16
0 -16
0 0
0 0
96 88
-8 0
0 0
-80 72
-32 0
-16 0
-48 -8
-16 -8
0 0
-48 -16
0 0
0 0
16 8
0 0
-8 0
0 0
-24 -8
-16 -8
8 8
-8 -16
0 -8
-8 -8
-16 -8
0 0
0 0
0 0
0 0
0 0
88 16
0 0
0 -8
0 -8
0 -8
-56 72
128 120
-24 -8
-8 8
-8 -8
-64 144
0 0
0 0
0 0
-8 0
-16 0
-136 0
0 0
-16 -8
-32 -16
-24 -8
-16 -8
8 0
16 0
-16 -24
-24 -24
-32 -24
0 -16
128 0
0 0
0 0
8 8
176 144
0 -8
0 0
0 -8
128 112
0 0
-72 88
-88 88
0 0
-16 0
8 -8
0 0
-72 192
104 184
-128 0
40 200
0 0
-48 0
8 0
-48 -8
-32 -16
0 0
-40 -24
-32 -32
-8 -16
0 0
-8 -8
0 0
0 0
88 152
72 160
0 0
8 8
0 0
0 0
0 0
32 -8
24 -8
-64 64
8 -16
-8 16
56 16
8 -32
16 0
8 0
0 0
-144 8
-16 0
0 0
-8 0
-184 -32
40 -40
-56 -40
-24 -16
-8 -8
-48 -32
-16 -24
-48 -40
-56 -40
0 -8
0 0
-8 -8
-24 -48
-8 -16
-8 -8
-40 -48
0 0
0 -8
32 0
24 0
0 16
8 -24
0 0
0 0
-32 32
0 0
-8 0
8 0
-16 152
-80 -48
-80 -48
-80 -48
-8 -32
24 -32
-64 -16
-48 -32
-56 -40
-32 -32
-48 -48
-56 -48
-64 -48
136 144
0 24
-8 24
-16 24
-24 24
-32 24
-40 24
0 0
0 -16
8 0
24 -8
0 8
-8 8
-56 32
0 0
0 0
0 0
8 0
0 0
-80 32
0 0
0 8
16 72
-56 -48
40 -48
-64 -24
-64 -48
-56 -40
-64 -48
-40 -40
-72 -48
-56 -48
120 8
112 8
0 0
24 0
16 0
8 0
0 0
128 128
0 -24
88 -8
80 -8
-16 104
-16 -24
-24 -24
8 -8
8 -8
0 0
8 8
0 -8
8 16
-80 -24
48 80
40 40
8 24
32 -40
0 -16
-64 -56
16 8
-64 -48
-72 -56
-64 -48
-40 -32
64 120
176 -40
168 -40
8 -48
64 112
56 112
48 112
40 112
0 -32
0 0
-8 8
-8 -32
-16 -16
0 0
0 8
8 24
-8 0
-16 0
0 0
0 16
-112 16
0 -16
56 64
0 -16
0 0
0 -24
0 -8
24 16
-8 -8
-80 -64
-88 -64
-64 -48
144 -40
120 -40
112 -40
120 -40
112 -40
104 -40
96 -40
88 -40
48 152
0 0
0 0
0 -8
-16 -16
56 8
0 0
0 -8
-8 -8
-8 16
0 0
-8 -24
-88 0
-80 -56
0 0
0 -24
0 -8
0 -32
-160 -56
8 0
16 8
-16 -16
-8 -8
-80 -64
0 0
0 0
72 -72
64 -64
0 0
56 -32
56 -40
48 -56
40 -16
8 -8
0 32
72 -16
-24 -16
0 16
16 -24
0 -16
-8 -16
0 -24
-8 -32
8 0
0 8
0 -32
0 -8
48 24
-8 72
32 -80
-144 -48
0 -8
-8 -8
8 0
-16 -16
-32 -24
144 8
160 8
56 -80
0 0
0 -8
0 8
40 -24
0 8
0 0
16 0
0 24
72 -24
64 -32
8 0
0 -8
24 -16
-8 -24
8 -24
-8 -40
-16 -40
-8 -40
0 -40
-160 96
32 -16
0 0
-200 -80
-144 -56
0 0
-8 0
-8 -16
-16 -16
-8 -8
136 32
24 72
40 64
72 -72
0 -16
32 -32
112 -32
0 0
24 -8
-8 -8
80 -24
72 -32
-8 -32
24 -56
48 72
-8 -32
40 24
0 0
-32 -8
8 -40
-32 16
-144 -16
-56 -88
8 -16
-40 -88
16 -88
-96 128
0 0
-40 -16
-8 -16
-16 -16
-24 -24
136 24
64 -96
96 -88
72 -80
72 -88
32 -40
112 -40
0 -8
40 -40
8 -32
0 -16
0 -40
-8 -32
64 -24
-8 0
0 16
40 16
-32 0
-88 56
8 -48
24 -48
32 32
0 0
40 -24
40 -24
-96 -104
-24 -48
-40 -48
-208 80
-16 -16
-56 -24
-32 -24
0 -16
104 -96
80 -88
72 -88
64 -64
64 -72
112 -64
0 -16
40 -48
0 -32
80 -40
72 -48
-8 -40
24 -64
8 -56
24 -64
-16 -80
-24 -32
0 -48
-24 -72
-8 -72
-8 -24
0 -40
-160 104
-48 -16
-8 8
-208 -16
0 -8
-8 -16
-232 -24
-64 -64
-64 -32
0 -24
0 -8
96 -88
80 -104
120 -24
0 -24
40 -48
40 -72
-8 -24
0 -40
-8 -40
0 -16
-32 -32
8 -56
40 8
16 -72
-120 32
-24 -40
-24 -48
-8 -56
-24 -72
-64 -72
-160 64
32 -56
0 16
-80 -112
-40 -24
-8 -8
-8 -16
-56 -64
-64 -64
-72 -72
0 -32
0 -16
8 -40
80 -112
64 -80
56 -80
112 -72
56 -96
88 -32
0 -56
0 -16
-48 -32
-32 -40
8 -64
0 -64
24 -64
-8 -120
-16 -32
-24 -64
0 0
0 -40
-8 40
0 -80
8 -48
0 8
32 0
-184 -40
-128 -120
-152 -128
-24 -16
-24 -24
-32 -32
0 0
96 -48
8 -40
0 -40
64 -88
64 -120
40 -80
56 -104
0 -8
16 -64
0 -64
0 -72
8 -72
56 -48
8 -88
-16 -88
48 0
64 0
-32 -56
-8 -88
0 -56
-48 -112
8 -56
32 -72
40 -8
0 0
-120 -80
-96 -120
0 0
0 -8
-32 -24
-40 -24
0 -48
96 -56
152 -96
64 -128
72 -56
72 -112
40 -88
56 -128
88 -48
16 -80
0 -32
0 -40
-32 -56
0 -64
-32 -72
32 -104
104 -16
8 16
-24 -72
-16 -96
8 -24
16 -96
8 -64
32 -80
-48 -48
-96 -120
-184 -48
0 -8
-208 8
0 -16
-8 -16
-40 -32
136 -24
104 -136
160 -48
200 -16
40 -144
64 -144
-24 -56
56 -136
48 -104
-32 -56
0 -80
0 -88
8 -88
40 8
40 -72
-72 -32
-56 24
32 -104
-24 -56
0 -24
-32 -40
48 -64
8 -40
0 0
-56 -160
-168 -56
-128 -128
-128 -144
-152 -152
0 -24
-16 -16
-232 0
8 24
224 -32
0 -8
184 -48
40 -152
-24 -48
-32 -48
-48 -64
48 -112
88 -104
-8 -88
-16 -96
8 -96
-32 -88
48 -80
-16 -56
0 -120
-64 -80
-40 -64
16 -40
0 8
24 -80
16 -72
48 -96
-120 -168
-152 -144
-112 -136
-192 -80
0 -32
0 -32
-16 -24
-24 -24
144 -72
0 -8
200 -64
184 -56
-24 -72
-16 -88
-24 -88
-24 0
-32 -72
16 -112
16 -120
0 -104
-56 -72
-24 -96
8 -128
32 -88
0 -128
-32 -88
16 -80
-24 -56
16 -96
24 -80
56 -88
0 0
0 0
-160 -168
16 8
-160 -8
0 -32
0 -40
-224 -88
-24 -40
144 -80
128 -48
200 -80
192 -72
0 -8
-16 -96
-24 -96
-24 -8
40 -88
96 -128
-8 0
-16 0
-16 0
-8 0
112 0
-8 -112
16 -104
16 -104
-40 -128
-152 16
-24 -80
0 0
40 -112
0 0
0 0
-160 -176
-168 -176
-184 -160
-8 -8
-224 -96
-224 -96
-232 -96
0 -104
184 -64
200 -88
192 -88
200 -56
184 -48
128 -80
40 -8
32 -8
-8 0
8 0
-8 0
-24 0
-8 8
-8 8
96 -16
-80 -64
-8 -72
48 -96
16 -8
80 -104
56 -112
-24 32
-24 48
-152 -184
-160 -184
-176 -152
-184 -152
-200 -160
-200 -168
-24 -16
-232 -104
240 -96
0 0
216 -88
-8 -8
200 -64
-24 -40
8 -8
144 32
24 -8
8 -8
0 -8
-40 8
-80 -168
-48 0
-104 -168
0 0
-128 -144
-16 -200
72 -136
80 -112
64 -112
16 -16
-40 -112
8 -16
-152 -192
-168 -160
0 0
-16 0
-144 -8
-144 -8
-168 -8
-216 -176
240 -104
-8 -120
216 -96
-8 -16
200 -72
-16 32
32 -16
40 16
16 -16
0 0
-8 8
-16 -16
64 -176
-16 24
-40 -16
0 0
0 0
-136 -152
72 -128
-152 -112
-32 -144
-32 -120
8 -16
-136 0
-96 -8
-104 -8
0 -8
-120 -8
-144 0
16 -8
8 8
-200 0
0 -16
168 -72
200 -120
208 -104
-8 8
0 0
40 -24
32 -24
24 16
176 -16
0 -8
-16 -24
-16 -24
-32 0
112 -16
0 0
0 0
0 -112
24 -32
-80 -32
-32 8
-48 24
16 -32
-104 -24
-184 -184
-104 -16
0 -16
-152 -16
-136 -24
-168 -16
-240 -144
-168 -24
0 -24
232 -120
200 -136
0 0
24 -32
0 0
24 -8
88 -192
160 -8
16 -32
64 -192
-40 -16
0 0
144 -24
96 -160
0 0
0 -24
-80 -176
40 -176
-88 -144
-40 0
-32 -16
-104 -16
-96 -32
-128 -8
-96 -32
-176 -176
-144 -16
-224 -152
-168 0
-168 -16
-168 -32
0 -8
232 -128
224 -128
112 -216
0 0
56 -8
184 -32
8 -16
168 -32
-8 -16
8 -40
-16 -40
-16 -40
-24 -40
0 0
0 0
40 -16
0 0
48 -160
-32 -8
-112 -168
-112 -216
-112 0
-120 -32
-120 -40
-128 -40
16 -32
-144 -16
-128 -8
-136 -8
8 -32
-160 -40
192 -136
-8 -40
200 -160
0 0
-16 -208
184 -40
24 -24
8 -40
32 -16
-72 -168
-8 -24
-16 -24
-24 -48
-8 -16
8 -32
0 0
8 -32
104 -152
16 -232
-104 -176
-32 -24
72 -24
-112 -24
-184 -168
-48 -208
-144 -40
32 -24
-152 -16
-160 -16
-136 -16
-192 -32
-200 -32
192 -144
-8 -48
200 -176
8 -16
72 -56
24 -24
24 -56
-8 -40
32 -24
32 -32
16 -24
-16 -32
-24 -16
-40 -24
8 -32
56 -48
0 0
104 -160
64 -208
-104 -184
16 -40
-80 -56
56 -48
-112 -32
32 -32
-128 -56
-112 -24
-112 -24
-128 -48
-152 -56
-192 -40
-168 -56
