0 0
0 0
0 0
0 0
0 0
0 0
0 0
0 0
0 0
0 0
0 0
0 0
0 0
0 0
0 0
0 0
0 0
0 0
0 0
40 16
0 0
24 0
-8 0
0 0
0 0
0 0
8 0
0 8
0 0
0 0
0 0
-16 0
0 0
0 0
0 0
0 0
0 0
0 -8
0 -8
0 -8
0 0
0 0
-8 0
8 0
0 0
-8 0
0 0
0 0
24 8
0 0
72 56
0 0
0 0
0 0
0 0
-16 0
-8 -8
-8 -8
24 32
0 0
0 0
-8 0
-16 0
-24 0
0 0
0 0
0 0
0 0
0 0
-8 -16
0 -16
0 -16
0 0
40 0
40 8
-16 -8
-88 72
-24 0
-24 0
56 88
32 96
0 0
48 96
88 72
24 8
0 0
-16 -8
-8 0
0 0
-16 -16
-16 -16
0 -16
-8 -8
-8 -8
-16 -8
-24 -8
224 -16
0 0
32 176
0 0
0 0
-8 -8
0 0
0 -8
0 -8
8 -8
0 0
0 0
-16 -8
8 0
104 120
104 144
8 0
0 0
0 0
-8 0
24 8
-24 0
0 0
0 0
0 0
-40 -16
-8 -8
0 -8
8 8
-16 -16
-24 -16
-32 -16
0 -16
128 0
0 0
0 0
0 0
0 0
0 -8
0 0
0 -16
32 -8
32 -8
128 112
-80 80
0 -8
0 -8
-80 176
-120 0
104 184
-32 168
-128 8
0 0
0 0
8 0
0 0
-48 -8
-32 -16
-16 -16
-40 -24
-32 -32
-16 -32
-24 -16
-32 -32
0 0
0 0
8 0
0 0
0 0
-8 -8
0 0
0 -8
144 32
32 -8
8 8
16 -16
8 -16
0 -8
56 40
-80 -16
0 0
-8 0
96 -40
0 0
-32 0
0 0
-8 0
-184 -32
40 -40
-24 -16
-16 -16
-24 -24
-48 -32
0 0
-48 -40
-56 -40
0 -8
192 16
-8 -8
-24 -48
-8 -16
-8 -8
-40 -48
0 -8
0 -8
0 0
-8 0
-8 -16
-8 0
-8 16
-112 72
8 0
0 0
-8 0
0 0
-72 -48
-48 -40
-80 -48
-88 -48
-32 -48
32 -40
-160 -8
-48 -32
-24 -24
-32 -32
-56 -40
-56 -48
-56 -48
152 -8
0 0
-8 0
-16 0
-24 0
-32 0
-40 0
0 -8
0 -16
0 0
-8 -8
8 -16
-8 -8
8 -16
-8 16
-16 96
0 0
0 0
-8 0
-72 32
-88 -8
-80 -40
-72 -48
-40 168
-40 -16
8 168
-64 -48
-32 -32
-32 -32
-40 -40
-40 -40
-72 -48
0 0
-8 0
-16 0
0 0
-8 0
-16 0
-24 0
0 0
0 -24
88 -8
16 16
0 -16
8 -32
-48 32
8 -8
8 -8
16 64
-24 56
16 24
-72 16
-64 0
8 48
0 8
-48 -48
40 -24
-192 -32
-64 -56
0 0
-40 -40
-40 -40
-48 -40
-56 -48
0 0
-8 0
16 -48
8 0
0 0
-8 0
-16 0
-24 0
0 -32
8 0
40 -24
0 -8
8 -32
8 104
0 24
-120 -8
-128 -8
40 128
0 16
8 24
-72 8
0 -16
-72 -64
-48 -56
40 -32
-192 -40
0 0
0 0
0 0
-80 -64
-72 -56
-56 -48
128 -40
120 -40
112 -40
104 -40
96 -40
88 -40
80 -40
96 -40
0 0
8 -8
0 -8
16 -24
-24 -24
56 16
16 -24
-120 -16
-8 -8
-16 -8
0 0
8 8
-72 8
0 -24
40 48
0 -16
40 -40
-192 -40
-160 -80
0 0
-8 -8
-8 -8
-24 -16
-64 -56
0 112
0 0
72 -72
64 -64
0 0
32 -40
24 -40
88 -40
0 56
0 8
0 -8
0 -8
-40 8
0 0
24 0
-120 -24
8 0
-24 32
8 -16
8 8
-32 16
0 -32
40 24
40 16
-48 136
32 -88
0 -16
0 0
-8 -8
8 0
0 0
-32 -24
0 0
0 -8
72 -80
144 8
0 -8
0 0
72 -48
0 0
0 0
0 0
0 -8
0 -8
-56 0
32 88
8 -24
0 -24
-128 -32
-24 32
-40 56
-8 -8
-72 -8
-56 -56
40 16
-56 48
-64 152
-200 -80
-144 -56
0 0
8 8
-40 16
-24 -24
-8 -8
176 -48
0 0
152 0
56 -80
0 -16
32 -32
40 -16
0 -8
0 -8
-8 -8
0 -16
8 -8
48 -56
24 -56
-80 24
0 8
-24 -8
-32 -8
-40 -8
-48 -8
-48 -64
-80 -80
-88 -96
-184 136
0 -16
24 -104
-144 -24
24 16
-8 -8
-16 -16
-24 -16
-32 -24
0 -8
0 -8
152 -8
56 -88
0 -24
0 -16
40 -24
48 -72
40 -40
8 -32
0 -24
8 -16
-24 -40
56 -56
16 -64
0 0
16 -64
8 -64
-136 -8
-8 -64
-152 88
-72 -80
0 -32
-56 -104
0 0
-104 -104
-200 88
-40 -48
16 8
-16 -16
-24 -16
-16 -8
0 0
72 -104
152 -16
56 -96
0 -32
32 -48
112 -64
48 -80
40 -48
8 -48
0 -32
-16 -72
8 -48
24 -64
0 8
40 -32
-16 -64
0 -32
-32 -8
-24 -72
-48 -104
-40 -16
-64 -72
0 -48
-192 -16
-24 -8
-208 -16
0 -8
-48 -24
-232 -32
-16 -16
0 -8
0 -8
72 -112
112 -8
104 -8
72 -88
16 -32
72 32
32 -80
-32 0
8 -48
72 -72
32 -80
8 -56
8 -32
0 -8
8 -24
-16 -72
-136 -64
0 0
-40 -8
-32 -72
-8 -24
8 -56
-56 120
-80 -112
16 -16
-32 -56
0 -16
-8 -16
-56 -64
-64 -64
-64 -40
8 40
72 -120
152 -32
104 -16
72 -96
56 -40
48 -40
72 -16
0 8
0 -40
0 -56
0 -8
8 -64
8 -40
0 -40
8 -32
48 -64
-24 -40
-144 -72
-8 -56
0 -48
0 8
64 -16
0 -8
-96 -128
-104 -128
-128 -112
-40 -64
-152 -128
-144 -128
-152 -128
-8 -16
0 0
88 -112
72 -112
64 -104
72 -104
56 -104
40 -96
72 -24
-32 -16
16 -16
0 -64
-16 -96
-32 -48
56 -56
24 -8
48 -16
-16 -96
-24 -88
0 -64
8 -56
0 -48
-56 -96
-16 -32
-56 104
-16 -72
-128 -112
-120 -112
-88 -16
-152 -136
-144 -136
-152 -136
-32 -32
0 -8
88 -120
64 -120
144 -72
72 -128
88 -32
40 -104
40 -120
-32 -24
0 -80
0 -72
-16 -96
8 -80
56 -64
40 -96
32 -104
-128 -32
-16 -96
-32 -32
8 -64
8 -24
48 -56
64 -32
0 -24
-192 16
-96 -120
-120 -112
-128 -136
0 0
-224 24
-24 -24
-160 -144
0 -56
8 -48
160 -48
200 -8
64 -128
64 -136
40 -120
-40 -48
136 0
16 -96
0 -88
0 -80
8 -88
32 -24
-8 -88
-56 -64
-24 -48
-24 -120
-24 -56
8 -72
0 -56
48 -64
8 -88
8 -72
-24 -152
-96 -120
-40 -80
-88 -32
-152 -152
-56 -88
-24 -32
-160 -152
0 0
208 -40
208 -16
192 -40
24 0
-24 -56
120 -88
160 -24
48 -112
16 -120
0 -96
0 -88
8 -96
-40 -72
48 -72
24 -120
16 -120
8 -120
-24 -112
-24 -64
16 -88
48 -80
16 -72
32 -104
-120 -168
8 8
-128 -136
-128 -152
-8 -40
-224 8
-16 -24
-176 -160
0 -80
0 0
200 -48
64 -168
40 -160
128 -72
120 -96
-48 -72
-32 -88
8 -144
24 -136
8 -80
-24 -104
-16 -88
-32 -64
-16 -80
32 -72
-24 0
-40 -88
8 -72
8 -32
24 -80
16 -64
0 0
-136 -128
0 0
-168 -144
0 -32
0 -32
-56 -104
-16 -32
-176 -168
0 -96
-8 -80
200 -72
192 -72
40 -168
128 -80
120 -104
0 -16
-56 -40
16 -144
16 -144
8 -88
32 -24
24 -24
-72 -152
-8 -112
-16 -64
8 -96
24 -56
-152 -80
24 -112
-168 56
8 -56
0 0
0 0
0 -8
-176 -152
-8 -8
-184 -152
-56 -112
-144 -168
-240 -96
0 -104
168 -136
160 -96
152 -128
-24 -104
56 -176
40 -168
40 -8
32 -8
-40 -120
-80 -120
-88 -120
0 0
-80 -152
-64 -192
-16 -96
-24 -96
-8 -88
-8 -88
16 -8
8 -8
48 -112
0 0
0 0
8 -16
0 -16
-8 -16
-184 -152
-192 -160
-24 -16
-112 -64
-136 -176
128 -56
0 0
160 -104
152 -104
144 -128
184 -32
88 -176
40 8
-48 -160
16 -8
8 -8
0 0
-72 -160
-8 8
24 -168
-56 -120
24 -152
80 -136
80 -128
-152 40
-160 32
64 -80
0 0
8 -16
8 -24
0 -24
-176 -160
0 0
-120 0
-16 48
-200 -160
-40 -24
0 -8
0 -8
-8 -8
152 -112
144 -136
0 0
40 -8
0 0
24 -8
16 -16
0 -16
-64 -168
0 0
0 0
-24 -8
0 0
0 16
16 -160
72 -120
-152 -8
24 -24
8 -8
8 -16
24 16
-168 -176
-176 -176
0 -8
-200 -168
-32 16
-152 -16
-24 8
-152 -16
152 -32
120 -72
200 -120
160 -128
144 -120
56 -24
40 -24
0 -8
24 -24
160 -8
152 -8
0 -24
8 -16
136 0
0 0
0 0
40 0
0 16
80 -144
-32 0
0 0
-8 0
-16 32
-96 -24
-176 -176
-176 -176
0 -16
-128 -24
-128 -24
-152 -24
-160 -24
-152 -24
152 -40
120 -80
200 -128
192 -128
8 -16
56 -16
32 -32
24 -32
32 -32
144 -8
152 -16
-8 -32
-16 -32
-24 -16
-48 -192
0 0
8 -160
16 -176
80 -152
8 -216
-40 0
-40 -8
-168 -192
-96 -24
-112 -32
-176 -184
-192 -192
-136 -32
-152 -16
-96 -192
-24 -8
-160 -32
0 0
-8 -32
-16 -32
160 -168
0 0
16 -24
32 -40
16 -24
16 -40
8 -40
-24 -24
0 -32
-40 -24
-16 -40
-48 -152
0 0
40 -16
0 0
48 -216
32 -48
-136 -168
-8 16
-128 0
32 -16
-136 -24
-112 -40
-168 -16
-72 -200
-8 -16
-144 -40
-160 -40
-160 -32
0 -8
144 -56
200 -152
16 -32
176 -16
16 -32
168 -24
32 -48
24 -40
160 -32
8 -48
128 -24
48 -208
8 -24
8 -32
8 -32
56 -48
32 -56
48 -216
-128 -176
-40 8
24 -56
-104 -32
-48 -208
-96 -48
-96 -40
-104 -32
0 -24
-8 -24
-144 -48
-152 -40
-232 -200
0 -8
144 -64
200 -160
24 -48
-16 -216
176 -32
48 -56
32 -56
16 -56
8 -56
8 -56
56 -216
-8 -56
112 -32
8 -32
8 -16
8 -144
104 -160
48 -224
-24 -40
-104 -184
64 -40
-88 -56
-112 -40
-24 -8
-112 -48
-152 -40
16 -40
-200 -208
-144 -48
-216 -208
-232 -208
