0 0
0 0
0 0
0 0
168 176
0 0
0 0
0 0
0 0
16 0
24 0
8 0
16 0
0 0
104 72
0 0
0 0
0 0
0 0
32 48
0 0
8 0
24 0
-8 0
-24 0
8 0
0 0
0 0
0 0
0 0
0 0
-16 0
0 0
0 0
0 0
136 -8
0 0
0 -8
0 -8
0 -8
0 0
16 0
96 96
128 104
16 0
-16 0
72 80
104 88
0 0
-136 8
64 40
0 0
-8 -8
8 0
8 -8
0 -8
-24 -8
-32 -8
0 -8
0 -8
0 0
-8 0
-16 0
-24 0
136 -16
0 0
-8 24
200 -8
0 0
-8 -16
0 -16
0 -16
0 0
168 168
160 152
-16 -8
80 40
8 8
8 8
-32 -8
88 80
0 -8
0 0
0 0
-8 -8
0 0
-8 -8
0 0
-16 -8
-16 -16
8 8
-8 -8
-8 -16
-8 -8
-16 -8
-24 -8
224 -24
0 0
0 0
136 0
-24 0
-24 -8
0 0
0 0
0 -8
8 0
24 -8
152 160
144 160
0 0
-8 -8
0 0
16 168
-8 0
-136 0
-8 0
-16 0
8 0
-16 -8
-16 -8
0 0
-40 -16
-32 -16
-48 -24
-16 -24
-8 -16
-24 -24
-24 0
0 -16
88 160
192 176
184 176
0 0
0 0
0 -8
0 -8
0 -16
0 0
0 -8
-8 -16
8 -16
-32 0
-40 0
0 0
0 0
40 200
56 24
0 0
0 0
56 192
-16 -8
-24 -8
-16 -8
-32 -16
-56 -32
-40 -24
-56 -32
-8 -8
-32 -32
-40 -32
0 -24
120 -8
0 -8
-8 -8
168 136
-32 -40
120 -32
0 -8
0 0
0 0
-8 0
16 -16
-24 -8
-16 16
56 96
8 0
112 -40
104 -40
8 0
-144 8
-160 -32
-40 0
-48 0
56 -40
40 -40
-24 -16
-16 -16
-64 -40
-48 -32
-24 -32
-72 -40
-80 -40
0 -8
0 0
152 -16
40 152
-16 -16
160 128
0 -24
0 0
0 0
32 0
-8 0
-16 -16
-8 8
-24 -8
-80 120
24 0
16 0
8 0
-64 -48
-48 -48
-72 -48
-72 -48
8 64
-32 -48
-40 -8
-192 -48
-56 -40
-24 -24
-72 -48
-16 -24
-72 -48
-80 -48
8 0
0 0
104 -16
104 -16
-24 -40
-16 -56
-40 -40
0 0
0 -8
0 -8
24 -8
-64 88
-8 0
0 0
-8 16
-16 32
8 0
0 0
0 8
-80 16
-88 -16
-48 -40
0 32
0 0
-40 -16
-136 144
16 16
-56 -40
-40 -40
-80 -56
-32 -32
-72 -48
0 0
128 8
120 8
112 8
-8 0
-16 0
-24 0
0 0
0 -16
0 0
-8 -8
0 -16
-24 -24
0 0
8 -8
8 -8
-16 24
8 8
0 0
-80 8
-56 -16
8 48
48 88
0 -8
-40 -24
0 -8
0 -8
-72 -56
-72 -56
-40 -40
-56 -48
-40 -40
24 0
16 0
8 0
0 0
24 120
16 120
8 120
72 -48
0 -32
8 -8
0 -8
16 -24
-24 -32
0 0
16 -16
-120 -8
8 0
-8 152
-8 -16
8 8
-80 -8
72 96
-8 -8
8 32
32 -64
-72 -40
0 -16
-64 -56
-80 -64
-72 -56
-72 -56
-56 -48
8 -40
144 -40
-8 -32
-16 -32
-24 -32
112 -40
104 -40
-48 -32
0 -40
88 0
-8 -8
0 0
8 -16
48 -8
0 -8
-120 -16
-128 -16
-136 -16
-8 16
0 -8
-72 0
-80 -56
0 32
8 24
32 -72
-72 -48
-144 0
0 0
-8 -8
-88 -72
-32 -32
-88 -64
0 0
104 -80
96 -80
88 -80
112 -40
104 -40
96 -40
88 -40
80 -40
0 -16
-8 -16
72 -16
16 -32
0 0
16 -24
-120 -24
0 136
8 -16
0 -24
-48 0
-32 72
-80 -64
0 24
0 24
-56 -88
-48 -48
-144 -8
0 0
-8 -8
-80 -72
-16 -16
-40 -40
0 0
-8 48
200 48
64 -72
0 -8
64 -32
112 -24
48 -32
0 0
-8 0
72 -40
72 -24
16 -40
40 64
-112 -32
-120 -32
-128 -32
8 -16
-24 -40
-16 -40
0 -16
-64 -40
0 -8
0 0
-72 -96
-48 -56
-144 -56
0 0
0 0
-16 -16
-24 -24
-96 -80
168 96
88 -88
224 80
56 -88
56 -48
0 0
-8 -8
48 -40
48 -48
-8 -8
72 -40
0 0
-64 64
-88 24
16 0
24 -24
0 0
-8 0
-40 -8
-24 0
-72 -32
0 -40
0 -16
0 0
-8 -48
-48 -64
-144 -24
0 0
-40 -16
-16 -16
-24 -16
-32 -24
0 0
24 64
96 -88
-8 32
0 -24
64 -48
24 -48
16 -56
48 -56
88 -32
72 -56
16 -64
-56 -16
-56 16
32 -64
8 112
-16 -104
32 88
-16 8
-32 -96
-48 -64
-96 -80
-56 -96
32 -40
24 -40
-120 -112
-208 -16
8 8
24 16
-16 -16
-24 -16
-32 -24
112 -72
96 -104
96 -96
72 -88
32 40
0 -16
32 -48
40 -48
48 -64
80 -56
-8 -48
72 -48
16 -64
32 -64
32 -40
24 -56
-16 -56
0 -56
-16 40
-40 -96
-48 -72
-40 40
0 -40
0 0
-192 24
24 32
-96 -72
0 -8
0 0
-72 -8
-56 -32
-24 -24
112 -80
160 -16
8 -32
48 -96
64 -56
0 -24
32 -56
48 -64
-24 -32
80 -64
72 -72
-8 -64
16 -72
32 -64
32 -48
40 -40
-16 16
-136 -64
-8 -32
-8 -40
-16 -56
0 0
8 -8
-24 72
-16 -72
-200 -24
-176 48
-40 -24
-8 -16
-16 -16
-24 -16
0 0
112 -88
96 -120
72 -112
0 8
64 -64
64 -72
40 -32
16 -104
48 -32
0 -48
72 -72
-48 -32
16 -80
8 -64
8 -32
40 -48
-96 40
-136 -72
-16 -72
-8 -56
-16 -72
8 -24
8 -16
-24 64
32 16
-112 -128
-96 -96
-144 -128
-152 -128
-144 -128
-24 -24
-32 -32
112 -96
160 -32
80 -112
56 -120
0 -56
48 -72
32 -104
-40 -16
0 -56
0 -56
-8 -72
0 -40
16 -88
40 -80
0 -72
0 0
48 -24
-24 0
0 -64
-48 -48
0 -56
8 -24
8 -24
8 -48
32 8
0 0
-128 -120
-96 -120
-48 -64
-56 -80
-64 -40
-72 -56
0 -8
64 -120
0 -24
-8 -8
40 -120
48 -96
32 -112
40 -120
48 -48
32 -88
-8 -80
72 -80
16 -96
48 -80
48 -64
128 -32
-40 -144
-24 -88
-8 -88
-8 -88
-40 -8
48 -56
-48 -136
8 -56
-192 -40
-128 -112
-192 -8
0 -8
0 0
-56 -88
-64 -72
-72 -48
0 -48
88 -128
152 -96
144 -96
136 -48
-24 -32
-24 -16
48 -144
64 -40
-8 0
-8 -88
72 -88
16 -104
40 -96
0 -104
0 -112
0 -40
-8 -56
-32 -88
-8 -96
8 -32
16 -64
8 -40
0 -104
-184 -136
-104 -88
-192 -16
0 -16
0 -8
-232 -24
0 8
-72 -80
192 -16
-8 -24
160 -56
152 -88
-24 -64
56 -136
64 -128
48 -152
-32 -80
-40 -80
-8 -80
-16 -120
-24 -80
0 -96
48 -80
48 -104
-96 8
104 0
-32 -104
8 -80
16 -56
-168 -80
8 -32
-24 -152
-56 -160
0 0
-128 -144
-104 -152
-152 -160
-56 -104
-120 -144
-8 0
0 -80
-8 -40
160 -96
152 -72
0 0
-16 -80
64 -136
-24 -8
64 -56
16 -128
-8 -128
8 -104
-56 -72
56 -96
-32 -48
-16 -88
0 -72
-32 -104
-8 -120
-48 -120
16 -56
8 -8
-24 16
0 0
-136 -120
-168 -144
-120 -120
-192 -80
-104 -152
-56 -112
0 -8
-176 -168
0 -88
-8 -80
200 -72
192 -72
-24 -80
72 -160
40 -160
-48 -80
0 0
16 -136
0 -144
0 -104
8 -120
-56 -56
0 -120
0 -136
16 -64
0 -128
8 -112
-144 -80
24 -64
16 -80
8 -48
-8 8
-136 -160
0 -8
-176 -160
-176 -152
-104 -160
-56 -120
0 0
-128 -160
232 -72
-8 -88
200 -80
192 -80
0 -16
200 -8
40 -168
-24 -16
0 -8
-32 -160
-24 0
-64 -120
-64 -168
-104 -120
88 -24
-8 -120
16 -112
-8 -88
0 0
32 -88
16 -24
-24 -176
8 -16
0 0
8 -16
0 -16
-8 -16
-184 -152
-192 -168
-192 -160
0 -24
-8 -8
0 -112
184 -48
232 -72
200 -80
144 -136
56 -184
72 -168
-56 -128
-64 -128
-8 0
-8 0
0 0
-80 -168
-48 0
88 -152
-80 -168
-32 -16
8 -8
8 -8
40 -104
-16 -184
16 -24
-64 -112
-8 16
8 -24
0 -24
-8 -24
-184 -160
-168 0
-32 -152
-216 -128
-208 -168
0 -120
224 -88
144 -96
192 -104
144 -144
136 -88
48 -16
16 -8
8 -8
-8 -8
-8 -8
64 -176
-80 -176
8 8
-24 -8
0 0
16 -88
-24 -208
-32 -208
64 -120
8 -8
16 -24
8 -16
24 0
24 -8
16 -8
0 0
-64 -176
-64 -176
-152 0
-160 0
-160 -8
0 0
176 -120
200 -120
224 -88
144 -112
-24 -192
16 -16
32 -16
16 -8
152 8
24 -8
-24 -16
64 -184
-32 0
112 -16
0 -8
0 0
24 -128
32 -48
32 -32
-24 -144
-8 0
0 0
-88 -24
-40 -184
-176 -184
0 -8
8 -16
-152 0
-160 -16
-144 -24
-96 -184
0 -8
-8 -136
232 -104
192 -128
88 -192
168 8
24 -24
120 8
160 -16
168 -16
136 8
0 -24
-24 -24
-24 -16
-40 -8
0 -8
40 0
8 -216
8 -208
24 -56
-32 -8
-48 24
-160 -200
-112 -24
-48 -192
-48 -192
-192 -192
-120 -32
-144 -16
-160 -8
0 -16
-176 -24
160 -32
176 -136
-16 -144
160 -152
0 0
120 -200
32 -24
0 -24
32 -40
0 -32
-8 -32
0 -32
-40 -24
-32 -32
-48 -192
-96 -168
-104 -168
0 -16
16 -216
24 -40
-136 -168
-112 -168
-104 -16
-104 -24
32 -24
-128 -32
-144 -32
-144 -16
-48 0
-152 -24
-160 -24
-160 -32
160 -40
-8 -24
200 -152
96 -208
168 -184
16 -32
168 -8
0 -32
8 -24
32 -32
8 -40
-16 -40
-24 -40
-48 -32
-48 -160
0 0
40 -16
8 -48
24 -232
-128 -176
-136 -176
24 -56
0 -8
-176 -208
-120 -40
-40 -208
16 -40
0 -8
-168 -32
-176 -32
-168 -40
-160 -40
184 -144
-8 -32
200 -160
-8 -224
32 -48
32 -32
48 -56
24 -40
-8 -40
32 -24
-8 -48
-8 -40
-24 -48
-96 -216
8 -40
8 -32
8 -32
80 -176
48 -224
-128 -184
24 -56
24 0
-104 -32
-80 -24
-88 -40
24 -48
-136 -32
-24 0
-128 -56
-160 -48
-152 -48
-96 -216
