24 48
0 0
0 0
0 0
0 0
0 0
0 0
-40 24
0 0
16 0
0 0
8 0
0 0
-8 0
40 16
0 0
0 0
0 0
0 0
8 8
0 0
24 0
16 0
-16 0
0 0
0 0
-8 0
8 0
0 0
0 0
0 0
-16 0
0 0
0 0
0 0
136 -8
0 0
0 -8
0 -8
0 -8
0 8
0 0
96 48
128 96
0 0
-32 0
0 0
96 80
24 8
0 0
0 0
16 8
0 0
0 0
0 0
-16 0
0 -8
-8 -8
-8 -8
0 -8
0 0
-8 0
-16 0
-24 0
136 -16
16 -16
0 0
200 -8
0 0
0 0
0 -16
0 -16
0 0
24 0
0 0
88 48
0 0
0 0
-24 0
-48 -8
0 0
0 0
0 0
0 0
-16 -8
0 0
24 8
16 8
-24 -8
-24 -8
-16 -16
0 0
-8 -16
-8 -8
-16 -8
-24 -8
224 -24
0 0
0 0
0 0
-24 0
0 0
0 -24
0 0
0 16
0 -8
88 56
-72 72
-24 -8
0 0
-32 0
-8 -8
0 0
0 0
-136 0
56 160
-8 0
0 0
0 0
-16 -8
0 0
0 0
32 32
-8 -8
-24 -24
-8 -16
-24 -24
-32 -24
136 -24
0 0
0 0
-8 0
0 0
0 0
0 -8
0 -8
0 8
0 -8
-8 -8
-8 -8
-16 -8
-32 0
-32 -8
16 -8
0 0
-72 192
-120 16
-112 192
0 0
-96 216
-152 -8
-160 -8
-24 -8
-32 -16
-48 -24
-40 -24
-32 -32
-16 -32
-40 -32
-48 -32
136 -32
8 -24
0 0
-8 0
0 -40
-32 -40
128 -24
0 0
0 0
0 -8
-8 0
16 -16
-88 88
0 0
0 0
0 0
16 0
8 0
0 0
88 -40
-40 0
-48 0
-56 0
-184 -32
-48 0
-56 -32
-16 -16
-56 -32
-48 -32
-16 -24
-48 -40
-48 -40
136 -40
144 -8
0 0
0 0
112 -16
176 144
0 -24
0 0
0 -8
0 -8
-8 0
-64 64
-24 -16
0 0
48 64
0 0
-8 0
8 0
-144 8
-72 -48
-88 -48
48 40
8 8
24 -32
-48 -8
-56 -48
-32 -24
-24 -24
-64 -40
-24 -32
-64 -40
-56 -48
0 0
-8 0
0 0
96 -16
-24 -40
-16 -56
-40 -40
0 0
0 -16
8 -8
-8 -8
0 8
8 -16
-16 0
0 0
-8 8
0 0
-8 0
0 0
0 16
-88 -32
8 64
0 96
-24 -48
-40 -16
-136 -48
0 0
-40 -32
-32 -32
-64 -48
0 0
-72 -48
0 0
0 0
-8 0
8 0
0 0
-8 0
-16 0
0 0
0 -24
8 -16
0 -16
16 -16
8 -24
-40 80
0 0
0 0
8 56
-8 -8
-40 16
-72 40
-56 -8
8 0
-8 0
8 -40
-48 -24
-56 -32
-32 112
0 0
-48 -40
-40 -40
-40 -40
-8 -8
0 0
-8 0
-16 0
-24 0
0 0
-8 0
-16 0
80 -48
0 -32
8 -24
-40 32
16 -24
8 -32
8 -16
24 48
8 -8
-120 -8
0 0
8 56
0 0
-72 8
-56 -56
-8 -8
0 -16
-48 -32
-8 152
0 -8
-64 -56
-8 -8
-56 -48
-72 -56
-56 -48
16 -64
8 -64
136 -40
128 -40
-16 -64
104 -40
96 -40
96 -40
0 -40
0 -16
-32 40
0 0
-32 64
24 48
0 0
-120 -16
-128 -16
0 -8
-8 -16
-48 0
-88 -32
48 88
-8 -16
0 -24
-48 -40
-8 144
0 -16
0 0
-72 -64
-16 -16
-96 -72
-72 -56
0 0
-8 16
80 -80
48 -80
88 -40
80 -40
72 -40
64 -40
56 -40
32 24
72 -32
0 -8
16 -32
0 8
0 0
-120 -24
8 -16
0 -24
0 16
-40 -24
0 0
8 -16
-8 -24
-8 -40
24 -72
-56 -48
0 -8
0 0
-8 -8
-80 -72
-32 -32
-104 -80
0 96
224 48
64 -80
144 -16
32 88
40 -32
40 -16
0 24
32 -8
80 -24
72 -40
0 -8
16 -40
8 -16
-112 -32
-120 -32
-128 -32
0 0
-32 -32
-24 -40
-8 -24
8 -24
8 24
0 0
-8 -40
-56 -56
0 -16
-88 -80
-104 -88
-16 -16
-128 -96
-96 -80
0 0
0 0
56 -88
-8 24
0 -8
16 16
32 -56
48 -40
8 32
80 -32
0 0
0 0
16 -56
-40 32
32 0
16 -8
-16 0
8 0
0 0
-40 0
0 0
-88 -88
0 48
-64 -96
-8 -48
-48 -64
0 -40
0 0
-112 -96
-16 -16
-24 -16
-32 -24
200 16
0 -8
56 -96
-16 16
0 -16
8 -8
0 8
48 -48
-24 -8
80 -56
0 -16
-8 -64
-48 -8
16 16
32 0
16 -48
-56 -112
-136 -8
16 -24
-72 -104
-152 0
-96 -72
-8 -56
0 -8
-72 -112
-56 -64
-8 16
-128 -104
-112 -104
-104 -96
-112 -96
-32 -24
0 -8
64 -104
88 -104
0 0
0 -24
64 -56
40 -32
0 0
32 -32
80 -64
72 -64
0 -16
0 -32
24 64
24 -24
0 8
-24 -24
-8 64
16 -32
-72 -104
40 24
-64 -64
-168 -24
32 -32
-184 -24
-24 -56
-48 -8
-128 -112
-136 -112
-120 -112
-24 -16
-120 -104
160 -16
72 -104
0 0
80 -104
24 -8
0 -24
104 -56
48 -64
40 -64
8 -24
0 -24
-8 -64
32 0
32 -8
8 -64
-32 -64
-24 -32
-128 -64
0 -48
0 0
-24 -64
0 0
-152 104
-184 88
-120 -120
0 0
-112 -112
-40 -72
-48 -72
-144 -120
-152 -120
-32 -24
0 -24
104 -88
0 -8
48 -104
24 -16
64 -72
40 -32
48 -96
0 0
80 -64
0 -32
0 -48
16 -80
32 -40
0 0
48 -8
16 -24
-136 -72
-144 -72
-16 -40
-40 -8
8 -16
8 -16
0 -8
-16 -72
-40 -24
-120 -104
-128 -120
-136 -120
-56 -16
-64 -80
-32 -32
160 -32
104 -96
0 -16
80 -120
24 -24
120 -40
56 -96
16 -112
0 0
-32 -40
8 -56
-8 -96
0 -56
40 -40
24 -48
48 -16
0 0
-24 -64
-8 -48
-32 -88
-40 -16
64 -24
8 -24
-184 72
-16 -80
0 0
-184 -32
-144 -128
-48 -80
0 16
-160 -136
-72 -88
160 -40
0 -24
56 -128
184 -16
32 32
64 -112
56 -104
-48 -24
80 -40
-32 -48
72 -96
0 -48
0 -64
8 24
8 -8
-120 64
-56 -144
-8 -32
-8 -32
-8 -96
-40 -8
-168 40
8 -32
0 -24
-192 -40
-96 -112
-184 -40
-144 -136
-48 -88
-56 -32
-64 -32
-72 -32
0 -48
104 -112
160 -88
152 -96
-24 -32
24 24
40 -104
48 -136
80 -48
16 -56
72 -104
0 -72
8 -96
40 -104
-16 -72
0 -112
16 -48
-24 -56
0 -80
-48 -80
-48 -120
-168 -64
8 -40
0 -104
8 8
-128 -120
-120 -104
-200 -64
-56 -96
0 -16
-152 -144
-160 -144
200 -40
0 -56
152 -104
152 -48
48 -144
64 -64
-24 -56
24 -144
80 -56
32 -120
-8 -104
0 -80
-56 -64
8 -112
8 -24
8 -144
0 -144
-56 -152
-32 -104
-32 -40
-32 -24
16 -72
-8 8
-8 -144
-56 -152
-160 -136
-120 -112
0 0
-56 -104
0 -24
-152 -152
-72 -48
0 -80
192 -48
64 -168
152 -120
48 -152
-16 -56
-32 -48
56 -128
0 8
16 -120
-24 -56
-16 -136
-32 -32
-16 -88
0 0
0 -16
-16 -72
-24 -120
0 -120
56 -40
24 -56
0 0
0 0
0 0
-136 -120
-168 -144
-144 8
-112 -160
-136 -160
0 -32
-128 -160
-160 -160
0 -88
192 -56
200 -72
64 -176
-24 -72
-24 -56
120 -104
56 -136
-32 -64
16 -128
24 -144
-8 -136
-48 -80
-32 -136
0 -128
0 -24
0 -64
-8 -128
-24 -56
-120 -16
24 -64
-24 -168
0 -16
0 0
-136 -160
-168 -184
0 0
-176 -152
-112 -168
0 -40
-168 -168
-136 -168
184 -96
192 -64
72 -184
192 -80
-24 -88
32 -176
120 -112
16 -176
0 -8
56 8
-48 -120
-88 -120
112 -8
0 0
88 -24
-8 -112
8 -96
-24 -88
-16 -168
32 -64
8 -16
-24 -176
8 -16
0 0
-160 -192
-168 -192
-176 -192
0 0
-16 -8
0 -32
-168 -176
-176 -176
0 -112
-8 -8
216 -80
192 -88
200 -56
192 -56
80 -176
48 -8
40 -8
-48 -152
0 0
-8 0
56 -168
96 16
-104 -200
8 0
0 0
-8 -176
32 -24
64 -120
-16 -184
16 -24
-48 -136
0 0
-160 -200
-168 -200
8 -8
-24 8
-64 -168
-120 0
-240 -128
-208 -168
0 8
-8 -16
208 -96
208 -88
200 -64
88 -64
-24 -160
24 -8
16 -8
8 -8
0 -8
0 -8
-80 -168
-24 -8
-104 -176
0 0
-8 -160
-40 -208
-48 -208
64 -120
-160 -104
-40 -144
8 -16
-40 -176
0 0
-8 0
-192 -168
-192 -160
-120 0
-152 -8
-232 -176
-160 -8
0 0
176 -120
112 -200
200 -104
48 -208
-24 -192
32 -16
176 -8
168 -8
64 -184
0 0
-80 -184
64 -184
64 32
-32 -16
0 -8
-8 24
-24 -176
24 -40
16 -8
-152 -152
0 0
8 -16
-176 -184
-40 -184
-48 -184
-192 -184
-56 -184
-216 -184
-160 8
-8 -8
-160 -16
0 -8
-8 -136
168 -128
104 -208
88 -192
0 0
184 -16
112 -192
40 -8
32 -8
-8 24
-8 -24
-40 8
128 -16
-8 -8
0 0
56 -32
80 -160
64 -168
16 -48
-32 -8
0 0
-160 -200
-96 -24
-184 -192
-48 -192
-192 -184
-112 -8
8 -16
-160 24
-72 24
-112 -192
184 -104
-8 -144
-16 -144
0 0
96 -200
64 -24
56 -16
80 -200
8 -8
32 -16
0 -32
0 -32
-40 0
128 -24
-48 -192
-88 -168
-96 -168
0 0
32 -208
32 -48
-128 -168
-112 -168
-40 -200
48 -24
-136 0
-120 -32
-184 -184
-112 -16
-88 -200
-160 16
-160 -8
-16 -24
184 -112
-8 -24
200 -152
96 -208
112 -208
64 -32
88 -208
8 -16
-8 -8
96 -208
0 -40
16 -32
-16 -40
-24 -40
96 -160
0 0
0 -16
-8 -216
32 -224
-120 -176
-128 -176
0 0
-96 -24
48 -32
-112 -40
-40 -208
-104 -32
-136 -16
-152 -16
-128 -24
-136 -24
-240 -208
184 -144
176 -120
200 -160
-8 -224
-16 -208
192 -40
40 -48
128 -8
-8 -16
160 -40
0 -48
-16 -24
-16 -48
-32 -24
8 -40
48 -24
8 -16
-24 -248
48 -224
-32 -8
24 -56
-96 0
-120 -16
-112 0
-128 -24
-120 -48
-152 -16
-32 -8
-216 -216
0 -40
-232 -216
-168 -48
