(37,16)
(190,138)
(115,20)
(110,21)
(201,62)
(168,58)
(-44,36)
(15,22)
(-63,95)
(148,65)
(-34,21)
(71,23)
(56,1)
(94,38)
(114,77)
(67,41)
(101,67)
(-36,22)
(-125,18)
(45,33)
(-9,6)
(-151,5)
(-117,10)
(35,75)
(-47,3)
(-86,186)
(24,1)
(-2,22)
(5,0)
(-16,76)
(5,0)
(-177,13)
(247,131)
(158,-3)
(-1,-3)
(167,132)
(168,24)
(5,-2)
(4,18)
(-21,-1)
(5,-2)
(5,-2)
(5,-2)
(5,-2)
(5,-1)
(5,-2)
(5,-1)
(77,73)
(5,-1)
(31,-6)
(4,-1)
(4,-1)
(4,-1)
(5,-1)
(4,-1)
(4,-1)
(4,-1)
(4,-1)
(4,-1)
(4,-1)
(4,-1)
(4,-1)
(4,-1)
(-20,14)
(6,-2)
(107,169)
(186,-2)
(195,12)
(180,3)
(-23,-11)
(-23,-1)
(-5,-1)
(5,-2)
(5,-2)
(5,-2)
(5,-1)
(4,-1)
(6,-1)
(5,-1)
(4,-1)
(93,4)
(4,-1)
(4,-1)
(4,-1)
(5,-1)
(4,-1)
(4,-1)
(4,-1)
(-166,-1)
(-97,2)
(4,-1)
(4,-1)
(4,-1)
(4,-1)
(4,-1)
(-77,-14)
(20,-18)
(190,11)
(203,48)
(-7,-19)
(176,8)
(-25,-5)
(50,-2)
(5,-2)
(5,-2)
(6,-2)
(5,-2)
(5,-2)
(5,-2)
(5,-2)
(6,-2)
(-29,-5)
(-113,-4)
(4,-1)
(4,-1)
(4,-1)
(4,-1)
(4,-1)
(4,-1)
(4,-1)
(4,-1)
(4,-1)
(4,-1)
(4,-1)
(4,-1)
(4,-1)
(4,-1)
(-4,148)
(58,-18)
(114,-8)
(193,47)
(45,-9)
(-31,-4)
(-10,3)
(-39,-8)
(5,-2)
(5,-2)
(5,-2)
(5,-2)
(5,-2)
(5,-2)
(5,-2)
(5,-2)
(5,-2)
(5,-2)
(4,-1)
(5,-2)
(4,-1)
(4,-1)
(4,-1)
(-39,-22)
(4,-1)
(4,-1)
(4,-1)
(4,-1)
(4,-1)
(4,-1)
(4,-1)
(4,-1)
(-17,-6)
(63,-20)
(52,-20)
(53,-16)
(146,36)
(-14,-7)
(119,49)
(91,41)
(5,-2)
(5,-2)
(5,-2)
(5,-2)
(4,-1)
(5,-2)
(5,-2)
(-109,39)
(-109,32)
(5,-2)
(5,-2)
(4,-1)
(5,-2)
(4,-1)
(4,-1)
(-153,-21)
(4,-1)
(26,-3)
(-4,42)
(-9,40)
(4,-1)
(4,-1)
(4,-1)
(4,-1)
(-48,-21)
(79,-33)
(11,-13)
(168,34)
(28,32)
(162,37)
(155,40)
(46,15)
(5,-2)
(5,-2)
(5,-2)
(5,-2)
(5,-2)
(5,-2)
(5,-2)
(5,-2)
(5,-2)
(5,-2)
(5,-2)
(5,-2)
(4,-2)
(-137,-5)
(-156,-10)
(4,-1)
(-109,-29)
(23,30)
(-147,-21)
(-134,-37)
(4,-1)
(4,-1)
(-188,37)
(-82,36)
(-1,-4)
(20,-18)
(4,-21)
(-14,-23)
(-5,-17)
(-16,6)
(-29,6)
(5,-2)
(5,-2)
(6,-2)
(5,-2)
(5,-2)
(5,-2)
(-84,-25)
(5,-2)
(5,-2)
(4,-1)
(5,-2)
(4,-1)
(5,-2)
(5,-2)
(4,-2)
(-118,-15)
(-8,-9)
(25,22)
(-164,-25)
(-190,20)
(-208,5)
(4,-2)
(-219,28)
(4,-1)
(-228,-3)
(-5,-3)
(66,-51)
(74,-30)
(190,10)
(-12,26)
(-13,-31)
(-39,-14)
(148,24)
(36,-6)
(5,-2)
(6,-3)
(14,-6)
(-59,-26)
(6,-3)
(10,9)
(-78,-29)
(4,-2)
(4,-2)
(4,-2)
(4,-2)
(4,-2)
(4,-2)
(-113,-28)
(-41,6)
(-26,18)
(-148,15)
(-4,22)
(-191,26)
(-20,-4)
(-155,-49)
(4,-2)
(-103,15)
(-5,-3)
(82,-51)
(69,-53)
(36,-53)
(171,11)
(68,-10)
(46,-2)
(12,3)
(-40,-35)
(6,-2)
(4,-3)
(7,-3)
(4,-2)
(5,-2)
(5,3)
(4,-2)
(4,-2)
(4,-2)
(4,-2)
(4,-2)
(4,-2)
(4,-2)
(4,-2)
(-134,-32)
(-7,-9)
(-20,-12)
(-192,-19)
(-200,10)
(4,-2)
(-15,-18)
(-69,9)
(-48,17)
(-121,-8)
(4,13)
(81,-60)
(-9,12)
(-23,-8)
(15,4)
(-26,-44)
(-29,-50)
(-39,-48)
(5,-3)
(6,-2)
(5,-3)
(-88,-46)
(-67,-44)
(5,-2)
(10,1)
(4,-2)
(4,-2)
(4,-2)
(4,-2)
(23,-27)
(4,-2)
(24,6)
(-163,-39)
(-136,-3)
(-166,-30)
(-164,21)
(-178,-42)
(3,-2)
(-4,-44)
(-23,-8)
(4,-2)
(-16,-17)
(28,-74)
(38,-66)
(190,-13)
(-11,-56)
(-21,-19)
(-25,-54)
(-26,-51)
(5,-3)
(57,-8)
(5,-3)
(76,-16)
(36,8)
(4,-3)
(4,-3)
(5,-2)
(4,-2)
(4,-2)
(4,-2)
(4,-2)
(-100,-19)
(4,-2)
(-33,-13)
(-43,-29)
(-49,-29)
(-30,-31)
(-26,2)
(-140,-8)
(4,-2)
(3,-2)
(3,-2)
(3,-2)
(-229,-75)
(28,-75)
(201,-16)
(41,-76)
(-22,-61)
(-32,-10)
(-26,-61)
(148,-7)
(5,-3)
(5,-3)
(123,-7)
(5,-3)
(4,-3)
(5,-3)
(5,-3)
(4,-3)
(5,-2)
(4,-3)
(4,-2)
(4,-2)
(4,-2)
(34,-21)
(4,-2)
(3,-2)
(-41,-48)
(-79,-24)
(3,-2)
(3,-2)
(4,-2)
(3,-2)
(3,-2)
(3,-2)
(-165,-75)
(14,-80)
(41,-80)
(107,-80)
(47,-78)
(174,-25)
(30,-75)
(33,-81)
(5,-3)
(5,-3)
(5,-3)
(5,-3)
(148,-61)
(5,-3)
(4,-3)
(5,-3)
(27,-48)
(4,-3)
(4,-3)
(3,-2)
(3,-2)
(3,-2)
(4,-2)
(4,-2)
(27,-19)
(-149,-35)
(-66,-34)
(-167,-32)
(3,-2)
(3,-2)
(3,-2)
(3,-2)
(-74,-41)
(73,-99)
(75,-107)
(199,-111)
(138,-100)
(5,-3)
(198,-110)
(5,-3)
(5,-3)
(5,-3)
(5,-3)
(5,-3)
(3,-3)
(5,-3)
(40,-53)
(4,-3)
(5,-3)
(4,-3)
(4,-3)
(4,-3)
(4,-3)
(4,-3)
(4,-3)
(-14,82)
(-74,-99)
(16,-2)
(26,-2)
(3,-2)
(-128,-97)
(3,-2)
(3,-2)
(3,-2)
(-72,19)
(6,-4)
(6,-4)
(6,-4)
(6,-4)
(5,-4)
(118,-96)
(5,-4)
(5,-3)
(5,-3)
(5,-3)
(5,-3)
(5,-3)
(4,-3)
(-4,9)
(5,-4)
(4,-3)
(4,-3)
(4,-3)
(4,-3)
(4,-3)
(-76,-100)
(-77,-101)
(-85,-100)
(-150,-111)
(-92,-102)
(-175,-105)
(-5,-106)
(-12,-106)
(3,-2)
(3,-3)
(3,-3)
(-228,39)
(6,-4)
(6,-4)
(6,-4)
(6,-4)
(6,-4)
(5,-4)
(5,-4)
(5,-4)
(5,-4)
(5,-4)
(163,-88)
(5,-3)
(4,-3)
(-1,5)
(4,-3)
(4,-3)
(4,-3)
(4,-3)
(4,-3)
(4,-3)
(3,-3)
(-112,-97)
(3,-3)
(4,-3)
(-18,17)
(-25,17)
(1,-3)
(3,-3)
(3,-3)
(3,-3)
(3,-3)
(-16,-104)
(188,71)
(6,-4)
(191,-86)
(6,-4)
(5,-4)
(6,-4)
(5,-4)
(5,-4)
(5,-4)
(5,-4)
(5,-4)
(5,-4)
(4,-3)
(-6,13)
(-23,-87)
(4,-4)
(4,-4)
(4,-3)
(3,-3)
(4,-3)
(4,-3)
(3,-3)
(3,-3)
(4,-3)
(0,-3)
(3,-3)
(3,-3)
(3,-3)
(-215,-116)
(3,-3)
(-48,-116)
(-190,20)
(124,96)
(5,-4)
(6,-4)
(6,-4)
(5,-4)
(5,-4)
(5,-4)
(5,-4)
(5,-4)
(5,-4)
(5,-4)
(5,-4)
(4,-3)
(-57,-58)
(5,-4)
(4,-4)
(4,-4)
(4,-4)
(40,-144)
(4,-4)
(3,-3)
(11,-3)
(3,-3)
(3,-3)
(-17,-4)
(3,-3)
(5,-6)
(3,-3)
(-29,-126)
(3,-3)
(2,-3)
(-5,13)
(131,95)
(205,-145)
(78,56)
(-21,-1)
(-27,1)
(64,62)
(133,-118)
(5,-4)
(5,-111)
(5,-4)
(4,-3)
(4,-3)
(2,0)
(4,-4)
(4,-4)
(4,-4)
(4,-4)
(4,-4)
(4,-4)
(4,-4)
(-88,1)
(-1,-2)
(-104,4)
(-111,3)
(-119,2)
(-16,-3)
(-107,-58)
(2,-3)
(3,-4)
(10,-140)
(2,-3)
(-22,-128)
(92,50)
(-2,-11)
(230,12)
(0,23)
(6,-5)
(5,-5)
(5,-5)
(5,-5)
(5,-5)
(5,-5)
(2,0)
(5,-5)
(4,-4)
(4,-4)
(4,-4)
(-78,-85)
(-66,-116)
(4,-4)
(4,-4)
(-50,-64)
(3,-4)
(-4,-6)
(-12,-4)
(-12,-9)
(-15,-9)
(-38,-9)
(-52,-5)
(3,-4)
(-18,-141)
(2,-3)
(-97,-153)
(-228,43)
(212,-157)
(-1,-16)
(6,-5)
(6,-5)
(6,-5)
(5,-5)
(5,-5)
(5,-5)
(5,-5)
(9,-11)
(5,-5)
(5,-5)
(5,-5)
(62,-114)
(4,-5)
(4,-4)
(4,-4)
(4,-5)
(4,-5)
(3,-4)
(30,-20)
(22,-12)
(-39,-63)
(-74,-68)
(3,-4)
(2,-4)
(3,-4)
(2,-4)
(2,-4)
(-214,-148)
(-85,-168)
(-84,-156)
(94,26)
(74,36)
(198,25)
(6,-5)
(35,-70)
(6,-6)
(5,-5)
(5,-5)
(3,-2)
(6,-7)
(6,-7)
(5,-5)
(5,-5)
(4,-5)
(4,-5)
(4,-5)
(4,-5)
(4,-5)
(4,-5)
(11,-6)
(3,-5)
(4,-5)
(3,-4)
(3,-4)
(-11,-23)
(3,-4)
(3,-4)
(2,-4)
(3,-3)
(2,-4)
(3,-162)
(-211,25)
(212,-177)
(-6,-12)
(-13,-35)
(6,-6)
(6,-6)
(6,-6)
(5,-5)
(5,-5)
(3,-2)
(6,-7)
(4,-4)
(5,-5)
(5,-5)
(4,-5)
(4,-5)
(4,-5)
(8,-5)
(4,-5)
(4,-5)
(4,-5)
(3,-5)
(3,-5)
(3,-5)
(3,-5)
(-95,-84)
(3,-5)
(2,-4)
(3,-5)
(4,-6)
(2,-5)
(1,-4)
(-68,-165)
(165,47)
(6,-6)
(6,-6)
(6,-6)
(6,-6)
(6,-6)
(5,-6)
(2,-1)
(6,-7)
(4,-4)
(5,-6)
(130,-170)
(70,-190)
(-64,-1)
(6,-5)
(6,-5)
(4,-6)
(4,-5)
(3,-5)
(3,-5)
(3,-5)
(3,-5)
(3,-5)
(3,-5)
(2,-5)
(-94,-179)
(39,-118)
(2,-5)
(2,-5)
(1,-38)
(-19,-162)
(-22,-173)
(6,-6)
(192,-13)
(153,-200)
(157,-65)
(212,-178)
(5,-6)
(6,-7)
(-3,5)
(5,-6)
(4,-4)
(5,-6)
(4,-6)
(-92,-51)
(13,32)
(65,23)
(4,-6)
(-9,-6)
(-1,-7)
(4,-6)
(3,-6)
(3,-6)
(-100,-92)
(-81,-163)
(-46,-167)
(-101,-195)
(36,-42)
(29,-183)
(10,-47)
(5,-182)
(1,-5)
(1,-5)
(-116,22)
(191,-73)
(-3,-51)
(180,-70)
(217,-34)
(6,-7)
(6,-7)
(6,-7)
(5,-6)
(5,-6)
(5,-6)
(15,-2)
(5,-2)
(3,-1)
(0,0)
(-13,-4)
(94,-201)
(4,-6)
(4,-6)
(4,-6)
(4,-6)
(3,-6)
(10,-163)
(34,-130)
(-145,-172)
(-157,-20)
(-31,-184)
(35,-187)
(-78,30)
(17,-51)
(2,-6)
(-95,-151)
(-248,-163)
(6,-7)
(6,-7)
(6,-7)
(6,-7)
(6,-7)
(5,-6)
(4,-5)
(5,-6)
(3,1)
(5,-7)
(13,-6)
(5,-6)
(9,-7)
(0,-9)
(-13,-10)
(-4,-3)
(4,-7)
(3,-6)
(93,-193)
(87,-143)
(34,-139)
(-44,-192)
(-108,-202)
(-166,-21)
(2,-6)
(37,-61)
(-21,-78)
(8,-98)
(1,-6)
(1,-6)
(1,-6)
(-63,-155)
(247,-218)
(199,-6)
(6,-7)
(-1,1)
(-2,3)
(7,-9)
(6,-8)
(5,-7)
(5,-7)
(5,-7)
(5,-7)
(5,-7)
(5,-7)
(4,-7)
(4,-7)
(4,-7)
(4,-7)
(4,-6)
(49,-79)
(4,-6)
(3,-7)
(3,-6)
(0,-202)
(2,-6)
(-182,19)
(2,-6)
(3,-7)
(-29,-157)
(-101,-150)
(-111,-68)
(1,-7)
(-128,-40)
(7,-8)
(7,-8)
(6,-8)
(4,-5)
(6,-8)
(1,-1)
(5,-7)
(6,-10)
(5,-7)
(5,-7)
(5,-7)
(4,-7)
(5,-7)
(4,-7)
(4,-7)
(4,-7)
(4,-7)
(4,-7)
(3,-7)
(3,-7)
(3,-7)
(3,-7)
(-53,10)
(3,-7)
(-14,-208)
(-53,-225)
(-35,-231)
(1,-7)
(-121,-219)
(1,-7)
(1,-7)
(-155,-23)
(7,-8)
(7,-9)
(7,-9)
(6,-8)
(6,-8)
(5,-7)
(5,-8)
(5,-8)
(5,-8)
(5,-8)
(5,-8)
(111,-207)
(5,-8)
(4,-7)
(4,-7)
(4,-7)
(4,-7)
(4,-7)
(3,-7)
(3,-7)
(3,-7)
(-73,-36)
(3,-7)
(52,-69)
(47,-123)
(42,-121)
(22,-92)
(1,-7)
(15,-91)
(1,-7)
(1,-7)
(-17,1)
(7,-9)
(6,-8)
(6,-8)
(6,-8)
(6,-8)
(156,-215)
(5,-8)
(5,-8)
(5,-8)
(5,-8)
(5,-8)
(5,-8)
(4,-8)
(5,-8)
(4,-8)
(4,-8)
(4,-8)
(-130,-67)
(3,-7)
(3,-8)
(9,-14)
(3,-8)
(3,-8)
(2,-8)
(2,-8)
(18,-237)
(2,-8)
(1,-8)
(2,-7)
(1,-8)
(1,-8)
(-241,-65)
