(222,28)
(214,1)
(15,0)
(104,22)
(63,25)
(183,68)
(-18,106)
(35,23)
(-36,24)
(156,21)
(95,17)
(94,142)
(-89,25)
(-99,24)
(-76,14)
(-66,20)
(-29,21)
(-71,30)
(-51,27)
(-106,20)
(66,65)
(-100,19)
(-175,67)
(-123,30)
(-57,2)
(-34,221)
(-154,14)
(-200,23)
(-1,69)
(-55,41)
(-235,87)
(-28,71)
(3,-3)
(3,-3)
(2,-3)
(3,-3)
(3,-3)
(3,-3)
(3,-3)
(3,-3)
(3,-3)
(-29,19)
(17,10)
(92,135)
(3,-3)
(3,-3)
(2,-3)
(2,-3)
(2,-3)
(3,-3)
(80,58)
(-130,18)
(-156,-1)
(2,-2)
(2,-2)
(2,-2)
(2,-2)
(2,-2)
(2,-2)
(2,-2)
(1,-2)
(2,-2)
(2,-2)
(-126,234)
(3,-3)
(3,-3)
(3,-3)
(153,122)
(144,123)
(2,-3)
(-13,2)
(-3,-4)
(-35,90)
(49,9)
(-58,90)
(37,8)
(1,-2)
(3,-3)
(3,-3)
(3,-3)
(2,-3)
(-9,6)
(-109,2)
(2,-3)
(2,-2)
(3,-3)
(2,-3)
(2,-2)
(2,-3)
(2,-2)
(-1,-4)
(2,-2)
(2,-2)
(1,-2)
(1,-2)
(-133,178)
(3,-3)
(4,-4)
(3,-4)
(3,-3)
(4,-4)
(-9,-10)
(46,-3)
(-33,1)
(111,119)
(-36,-10)
(-40,-4)
(-68,-6)
(2,-3)
(3,-3)
(3,-3)
(2,-2)
(3,-3)
(2,-3)
(2,-3)
(1,-2)
(2,-3)
(2,-3)
(2,-3)
(2,-3)
(2,-3)
(-108,1)
(2,-2)
(2,-2)
(2,-2)
(2,-3)
(1,-2)
(-232,179)
(3,-4)
(218,38)
(3,-3)
(3,-4)
(22,-10)
(32,-11)
(-7,-12)
(-22,-13)
(-24,-12)
(145,2)
(-56,-1)
(-35,-9)
(-75,62)
(4,-3)
(3,-3)
(2,-3)
(3,-3)
(2,-3)
(-116,65)
(2,-3)
(2,-3)
(2,-3)
(2,-3)
(2,-3)
(2,-2)
(2,-3)
(2,-3)
(-192,-16)
(1,-3)
(-54,-13)
(1,-2)
(-13,157)
(5,-2)
(0,-3)
(-11,-4)
(-17,-6)
(-7,2)
(2,50)
(-12,6)
(29,8)
(138,-1)
(-26,-11)
(-72,48)
(-76,50)
(-84,11)
(2,-3)
(2,-3)
(2,-3)
(2,-3)
(1,-2)
(2,-3)
(2,-3)
(2,-3)
(2,-3)
(1,-3)
(2,-3)
(2,-3)
(1,-3)
(-123,-23)
(1,-3)
(-186,46)
(1,-3)
(-225,-30)
(-228,-24)
(3,-4)
(3,-4)
(-1,-5)
(-12,-6)
(-19,-4)
(-9,-3)
(-37,2)
(-34,8)
(-29,-4)
(-36,-9)
(-3,-36)
(-22,-27)
(-14,-10)
(2,-3)
(2,-3)
(2,-3)
(2,-3)
(8,20)
(2,-3)
(2,-3)
(2,-3)
(2,-3)
(2,-3)
(2,-3)
(1,-3)
(1,-3)
(1,-3)
(1,-3)
(1,-3)
(1,-2)
(-4,-6)
(-1,-4)
(4,-4)
(9,-17)
(3,-3)
(14,29)
(172,8)
(7,19)
(-40,7)
(26,6)
(-57,5)
(-51,32)
(-74,-15)
(0,-2)
(3,-4)
(2,-3)
(2,-3)
(3,-4)
(1,-3)
(44,30)
(-11,13)
(2,-3)
(1,-3)
(-38,15)
(2,-3)
(2,-3)
(2,-3)
(2,-3)
(1,-3)
(1,-3)
(1,-3)
(1,-3)
(-5,-4)
(-137,16)
(3,-4)
(3,-4)
(3,-4)
(-15,-19)
(3,-4)
(-38,37)
(57,-3)
(147,16)
(-52,-30)
(41,-41)
(-68,-11)
(-80,-23)
(3,-4)
(2,-3)
(2,-4)
(3,-4)
(2,-3)
(38,-1)
(2,-3)
(3,-4)
(2,-3)
(2,-3)
(1,-3)
(2,-3)
(1,-3)
(1,-3)
(1,-3)
(1,-3)
(1,-3)
(1,-3)
(1,-3)
(-93,27)
(4,-4)
(3,-4)
(3,-4)
(3,-4)
(-11,-16)
(12,7)
(46,-14)
(-52,-25)
(-57,-40)
(-52,-16)
(-47,-35)
(3,-4)
(3,-4)
(-67,-25)
(-47,-19)
(3,-4)
(20,-10)
(3,-4)
(1,-3)
(27,-8)
(-86,-25)
(2,-3)
(2,-3)
(2,-3)
(2,-3)
(1,-3)
(1,-3)
(1,-3)
(1,-3)
(1,-3)
(1,-3)
(-177,14)
(3,-4)
(3,-4)
(3,-4)
(18,-40)
(-13,-28)
(-2,8)
(-32,-42)
(-38,-42)
(146,-1)
(147,-32)
(-62,-39)
(-82,-29)
(2,-4)
(3,-4)
(3,-4)
(55,-15)
(3,-12)
(39,-17)
(12,-23)
(22,-24)
(-122,-11)
(2,-3)
(1,-3)
(2,-3)
(1,-3)
(2,-3)
(2,-3)
(1,-3)
(1,-3)
(1,-3)
(1,-3)
(-1,-3)
(4,-5)
(3,-4)
(3,-4)
(3,-4)
(-7,-55)
(-24,-53)
(21,-63)
(-36,-15)
(38,-58)
(-57,-55)
(-65,-39)
(3,-4)
(2,-4)
(2,-4)
(-62,-49)
(4,-10)
(9,-39)
(-44,12)
(1,-4)
(8,-37)
(11,-23)
(-36,-22)
(1,-3)
(-13,-36)
(2,-3)
(1,-3)
(1,-3)
(1,-3)
(1,-3)
(1,-3)
(1,-3)
(-159,-81)
(4,-5)
(3,-4)
(4,-5)
(1,1)
(-27,-59)
(-29,-61)
(-26,-50)
(20,-65)
(-17,-17)
(-21,-17)
(-47,-28)
(2,-4)
(3,-4)
(2,-4)
(2,-4)
(2,-4)
(2,-4)
(2,-4)
(2,-4)
(86,-36)
(31,-8)
(-74,-1)
(1,-3)
(-6,-3)
(-56,-30)
(1,-4)
(1,-3)
(1,-3)
(1,-3)
(1,-3)
(1,-3)
(-138,-76)
(5,-5)
(4,-5)
(4,-5)
(44,-76)
(29,-77)
(3,-4)
(-35,-73)
(-47,-67)
(-1,-77)
(-64,-11)
(3,-4)
(3,-4)
(2,-4)
(-2,-6)
(2,-4)
(61,-19)
(2,-4)
(-86,-73)
(2,-4)
(67,-20)
(2,-4)
(1,-4)
(1,-4)
(1,-4)
(1,-4)
(-4,-3)
(1,-4)
(-24,0)
(-66,-47)
(1,-3)
(1,-4)
(-67,-22)
(163,-40)
(4,-5)
(38,-93)
(-19,-28)
(23,-100)
(3,-5)
(3,-4)
(3,-4)
(3,-5)
(143,-23)
(2,-4)
(119,-31)
(73,-33)
(2,-4)
(2,-4)
(2,-4)
(2,-4)
(2,-4)
(1,-4)
(2,-4)
(2,-4)
(1,-4)
(2,-4)
(1,-4)
(1,-4)
(1,-4)
(1,-4)
(1,-4)
(-125,135)
(1,-4)
(1,-4)
(-172,-77)
(3,-5)
(3,-5)
(3,-5)
(3,-5)
(3,-5)
(3,-5)
(3,-5)
(3,-5)
(-29,-100)
(138,-83)
(3,-5)
(3,-5)
(3,-5)
(2,-4)
(3,-5)
(1,-4)
(2,-4)
(3,-5)
(2,-4)
(1,-4)
(-137,-24)
(-149,-86)
(-170,-83)
(0,-2)
(3,2)
(1,-4)
(1,-4)
(1,-4)
(0,-3)
(1,-4)
(-198,-101)
(-218,78)
(4,-5)
(4,-5)
(3,-5)
(3,-5)
(3,-5)
(3,-5)
(3,-5)
(3,-5)
(-27,-25)
(3,-5)
(57,-30)
(2,-5)
(2,-4)
(3,-6)
(2,-5)
(2,-5)
(-86,-82)
(-132,-72)
(-73,-60)
(-133,-85)
(-102,-126)
(-151,-85)
(1,-4)
(1,-4)
(-9,-4)
(-14,-4)
(-16,-4)
(0,-4)
(1,-5)
(0,-4)
(0,-4)
(-1,-4)
(4,-6)
(4,-5)
(3,-6)
(3,-5)
(4,-5)
(3,-5)
(3,-5)
(3,-5)
(149,-91)
(-11,-63)
(3,-5)
(2,-5)
(-3,3)
(3,-6)
(30,-88)
(2,-5)
(2,-5)
(2,-5)
(1,-5)
(2,-5)
(2,-5)
(1,-5)
(1,-5)
(1,-5)
(1,-5)
(1,-4)
(1,-5)
(1,-5)
(19,-126)
(0,-4)
(-229,-129)
(-195,19)
(4,-6)
(4,-6)
(4,-6)
(3,-5)
(3,-5)
(-21,-103)
(3,-5)
(3,-5)
(-35,-50)
(3,-5)
(3,-5)
(2,-5)
(3,-6)
(-10,-109)
(2,-5)
(2,-5)
(2,-5)
(2,-5)
(2,-5)
(-144,-59)
(62,-5)
(-129,-128)
(-156,-127)
(-180,-137)
(4,-4)
(-5,-5)
(1,-5)
(23,-26)
(-188,-128)
(0,-5)
(-56,-123)
(-16,5)
(4,-6)
(29,-3)
(4,-6)
(3,-6)
(4,-6)
(3,-6)
(3,-6)
(173,-100)
(3,-6)
(3,-6)
(3,-6)
(3,-6)
(2,-5)
(2,-5)
(2,-5)
(2,-5)
(2,-5)
(2,-5)
(2,-5)
(1,-5)
(1,-5)
(1,-5)
(4,-5)
(1,-5)
(2,-5)
(1,-5)
(1,-5)
(1,-5)
(1,-5)
(0,-5)
(1,-5)
(-7,-127)
(10,24)
(4,-6)
(-13,1)
(-21,3)
(3,-6)
(3,-6)
(3,-6)
(-22,-100)
(27,-66)
(22,-42)
(-16,23)
(2,-5)
(2,-6)
(2,-5)
(2,-6)
(2,-6)
(-72,-127)
(2,-6)
(1,-5)
(1,-5)
(20,-8)
(7,-4)
(5,-7)
(2,-8)
(1,-6)
(-36,4)
(-42,4)
(1,-5)
(0,-5)
(-51,-143)
(-232,-139)
(-1,-5)
(7,-7)
(3,-6)
(5,-9)
(3,-6)
(112,77)
(3,-6)
(3,-6)
(42,-138)
(31,-70)
(-13,18)
(-9,13)
(2,-5)
(2,-6)
(2,-6)
(-69,-119)
(2,-6)
(2,-6)
(2,-6)
(2,-6)
(1,-6)
(11,-5)
(-7,-6)
(2,-6)
(1,-5)
(1,-6)
(1,-6)
(-55,-109)
(1,-5)
(-42,-148)
(-203,-155)
(-44,-28)
(-1,-5)
(4,-7)
(4,-7)
(4,-7)
(4,-6)
(185,23)
(162,-171)
(3,-7)
(124,-94)
(-31,41)
(-19,27)
(14,-25)
(3,-7)
(58,-128)
(2,-6)
(2,-6)
(2,-6)
(2,-6)
(2,-6)
(1,-6)
(1,-6)
(1,-6)
(1,-6)
(1,-6)
(1,-6)
(0,-5)
(1,-6)
(0,-6)
(1,-6)
(0,-6)
(-197,-155)
(0,-6)
(-51,66)
(4,-7)
(4,-7)
(4,-7)
(3,-7)
(4,-7)
(3,-7)
(60,-157)
(47,-72)
(-26,34)
(-5,6)
(3,-7)
(2,-7)
(2,-7)
(2,-6)
(2,-6)
(2,-7)
(2,-7)
(2,-7)
(1,-6)
(-98,-15)
(1,-6)
(1,-6)
(1,-6)
(1,-6)
(0,-6)
(0,-6)
(0,-6)
(0,-6)
(0,-6)
(0,-6)
(-117,18)
(-1,-6)
(4,-7)
(0,-38)
(3,-7)
(3,-7)
(3,-7)
(88,41)
(3,-7)
(-11,13)
(7,5)
(-26,36)
(3,-7)
(153,-78)
(2,-7)
(-23,-160)
(2,-7)
(2,-6)
(-2,-7)
(2,-7)
(1,-6)
(-90,-44)
(1,-6)
(1,-6)
(1,-6)
(1,-6)
(-90,-162)
(0,-6)
(0,-6)
(-90,-85)
(0,-6)
(0,-6)
(-1,-6)
(-1,-7)
(4,-8)
(5,-8)
(3,-7)
(2,-7)
(47,37)
(3,-7)
(-2,0)
(-13,15)
(-8,9)
(-5,8)
(3,-7)
(107,-61)
(-86,-193)
(3,-7)
(85,-62)
(-6,-8)
(2,-7)
(1,-7)
(1,-7)
(1,-7)
(1,-7)
(1,-7)
(1,-7)
(1,-7)
(1,-7)
(-26,-165)
(-68,-195)
(31,-85)
(-218,-18)
(-1,-6)
(-1,-7)
(-1,-7)
(4,-8)
(5,-8)
(3,-8)
(170,-69)
(4,-8)
(3,-8)
(-11,11)
(-23,29)
(-15,18)
(-2,2)
(-69,-25)
(-86,-44)
(-89,-48)
(-94,-43)
(-97,-25)
(2,-7)
(100,-188)
(1,-7)
(1,-7)
(1,-7)
(1,-7)
(1,-7)
(1,-7)
(42,-142)
(1,-7)
(1,-7)
(-179,-57)
(-14,-203)
(-149,11)
(-1,-7)
(-1,-7)
(-1,-8)
(191,-77)
(235,-39)
(-3,-51)
(181,-209)
(3,-8)
(2,-6)
(21,-16)
(-4,2)
(-8,7)
(4,-9)
(19,-4)
(30,-6)
(-1,-6)
(-6,-8)
(4,-3)
(-40,-10)
(1,-7)
(1,-7)
(1,-7)
(2,-8)
(1,-7)
(-167,-143)
(0,-7)
(0,-7)
(0,-7)
(0,-7)
(0,-7)
(-1,-7)
(-20,-16)
(-1,-7)
(-1,-8)
(-1,-8)
(5,-9)
(4,-9)
(4,-9)
(4,-9)
(1,-5)
(1,-5)
(-9,9)
(-2,10)
(-8,9)
(9,-14)
(-74,-67)
(-7,-16)
(-89,-68)
(-11,-8)
(-105,-67)
(2,-8)
(2,-8)
(2,-8)
(1,-8)
(1,-8)
(-41,-185)
(-157,-187)
(0,-7)
(1,-8)
(-1,-7)
(37,-60)
(-12,-85)
(-1,-8)
(-1,-8)
(-1,-8)
(-1,-8)
(-1,-8)
(5,-9)
(4,-9)
(4,-9)
(-6,4)
(10,-17)
(-6,5)
(-4,2)
(-45,-164)
(3,-8)
(-1,2)
(2,-8)
(2,-8)
(-8,-9)
(2,-8)
(2,-8)
(2,-8)
(1,-8)
(1,-8)
(1,-8)
(1,-8)
(1,-8)
(1,-8)
(1,-8)
(1,-8)
(0,-8)
(-121,-28)
(-1,-8)
(-97,-138)
(-109,-178)
(-116,-174)
(-176,-145)
(-1,-9)
(4,-9)
(4,-9)
(4,-9)
(-2,-1)
(-4,2)
(-2,-1)
(-2,-1)
(-46,-196)
(3,-9)
(3,-9)
(3,-9)
(3,-9)
(2,-9)
(2,-9)
(2,-9)
(2,-9)
(1,-9)
(1,-9)
(1,-9)
(0,-8)
(1,-8)
(0,-8)
(0,-8)
(0,-8)
(37,-222)
(0,-9)
(-1,-9)
(0,-9)
(-1,-9)
(-1,-9)
(-1,-9)
(-1,-9)
(5,-10)
(5,-10)
(1,-5)
(2,-7)
(4,-10)
(4,-10)
(2,-7)
(100,-174)
(173,-73)
(3,-9)
(3,-9)
(2,-9)
(2,-9)
(2,-9)
(2,-9)
(2,-9)
(1,-9)
(1,-9)
(1,-9)
(1,-9)
(1,-9)
(1,-9)
(0,-9)
(0,-9)
(38,-226)
(0,-10)
(-1,-9)
(-1,-9)
(-1,-9)
(-1,-9)
(-1,-9)
(-2,-9)
