(7,7)
(2,0)
(192,75)
(221,84)
(144,95)
(139,116)
(32,40)
(-13,95)
(55,14)
(142,68)
(-37,24)
(0,0)
(-44,35)
(0,0)
(-28,23)
(-3,0)
(-90,19)
(0,0)
(-63,23)
(1,0)
(0,0)
(0,0)
(0,0)
(-179,42)
(-159,97)
(-179,39)
(-14,93)
(-137,20)
(-218,39)
(-154,25)
(-227,45)
(-189,34)
(39,10)
(48,14)
(25,13)
(66,10)
(1,0)
(54,27)
(105,75)
(22,31)
(1,0)
(-47,73)
(1,0)
(1,0)
(1,0)
(0,0)
(0,0)
(0,0)
(0,0)
(1,0)
(0,0)
(0,0)
(0,0)
(1,0)
(0,0)
(0,0)
(0,0)
(15,2)
(-67,236)
(7,66)
(-24,46)
(-42,70)
(-123,173)
(-240,60)
(246,68)
(1,26)
(33,7)
(14,8)
(-20,27)
(26,1)
(-39,46)
(13,79)
(51,72)
(5,36)
(-14,55)
(1,0)
(0,0)
(1,0)
(-5,78)
(0,0)
(0,0)
(0,0)
(0,0)
(0,0)
(0,0)
(0,0)
(0,0)
(0,0)
(0,0)
(33,23)
(24,15)
(-36,5)
(-73,-9)
(-66,27)
(-132,5)
(-77,28)
(198,36)
(54,3)
(-12,19)
(-21,19)
(-22,22)
(-11,66)
(-42,35)
(-52,23)
(-33,68)
(-48,71)
(-80,31)
(-21,2)
(-83,23)
(-98,25)
(30,217)
(0,0)
(0,0)
(0,0)
(0,0)
(62,11)
(0,0)
(0,0)
(-176,-2)
(0,0)
(-182,15)
(-161,7)
(-197,8)
(0,0)
(-93,-17)
(-199,-4)
(-12,-24)
(-90,6)
(97,-1)
(-6,16)
(74,3)
(27,38)
(124,25)
(-36,24)
(56,113)
(-41,25)
(-21,64)
(11,23)
(0,0)
(-66,44)
(45,46)
(-8,3)
(-104,25)
(-65,1)
(0,0)
(0,0)
(0,0)
(0,0)
(59,42)
(53,52)
(40,-26)
(0,0)
(0,0)
(0,0)
(-152,-2)
(-101,-2)
(-47,16)
(-218,-12)
(-81,214)
(-49,121)
(126,25)
(57,31)
(82,45)
(104,29)
(99,48)
(38,65)
(28,64)
(30,62)
(-2,60)
(-38,40)
(54,44)
(29,44)
(-36,52)
(-68,58)
(0,0)
(0,0)
(-38,-21)
(0,0)
(-134,3)
(0,0)
(-139,-19)
(0,-1)
(-9,-1)
(0,-1)
(-149,-9)
(-175,48)
(-14,30)
(-125,-13)
(-171,-4)
(-150,-13)
(-229,-14)
(-32,-3)
(165,23)
(160,22)
(104,31)
(105,23)
(118,11)
(96,31)
(85,129)
(146,127)
(81,21)
(130,133)
(9,-1)
(31,22)
(-37,20)
(-56,7)
(-20,10)
(0,0)
(1,-1)
(0,0)
(0,0)
(-42,-5)
(0,0)
(0,0)
(19,-24)
(-142,-19)
(-105,2)
(-44,43)
(29,12)
(-127,-10)
(-190,-2)
(-156,55)
(-159,-18)
(-201,-27)
(46,-10)
(230,0)
(145,16)
(27,37)
(164,121)
(70,101)
(92,125)
(147,117)
(142,116)
(-11,0)
(137,151)
(58,10)
(-18,0)
(0,0)
(-28,0)
(-13,100)
(9,125)
(16,9)
(1,-1)
(15,15)
(7,11)
(-9,-2)
(-4,1)
(-173,-6)
(-146,22)
(35,0)
(-155,-14)
(-185,-10)
(-173,-11)
(-174,-2)
(-140,56)
(-157,44)
(166,8)
(46,-12)
(149,6)
(31,-17)
(88,24)
(43,40)
(91,116)
(35,-9)
(-30,-9)
(69,12)
(58,7)
(-38,1)
(32,21)
(20,9)
(17,-7)
(51,8)
(3,22)
(4,10)
(-23,54)
(42,110)
(38,54)
(-13,-6)
(-132,21)
(-145,31)
(-44,33)
(-76,0)
(-60,16)
(-171,1)
(-35,17)
(-85,-5)
(-116,12)
(-82,42)
(50,-26)
(79,-11)
(108,12)
(112,-2)
(107,108)
(100,11)
(88,3)
(81,6)
(-5,-18)
(66,4)
(-39,-31)
(58,-8)
(-53,-30)
(48,-10)
(12,-1)
(31,-12)
(70,104)
(9,-5)
(53,108)
(-13,109)
(44,99)
(29,104)
(-42,-21)
(-19,-10)
(-26,-5)
(-173,4)
(-47,-15)
(-114,-7)
(-186,-23)
(-103,17)
(-35,100)
(-125,2)
(149,-25)
(111,2)
(122,-14)
(118,-4)
(109,-10)
(78,4)
(79,6)
(103,20)
(98,-8)
(64,-10)
(64,-11)
(62,-12)
(49,-9)
(-20,-20)
(20,-6)
(79,96)
(69,94)
(48,90)
(5,99)
(-6,18)
(-39,-1)
(-118,-37)
(-44,-6)
(-44,-6)
(-37,-12)
(-50,22)
(-142,19)
(-148,-62)
(-214,-18)
(-176,9)
(-108,-4)
(-80,104)
(117,-19)
(112,88)
(101,-3)
(105,-26)
(10,-41)
(76,0)
(86,-23)
(144,90)
(84,-19)
(63,-24)
(51,-25)
(-31,-32)
(39,-14)
(33,91)
(93,84)
(13,2)
(67,89)
(55,86)
(-100,-47)
(-22,-20)
(-122,-38)
(-50,1)
(-128,-43)
(-35,-18)
(-46,-9)
(-151,-24)
(-36,-20)
(-118,-50)
(-208,-44)
(-148,-28)
(-159,-25)
(-156,26)
(38,-47)
(102,-7)
(12,-43)
(25,-50)
(77,-8)
(107,-37)
(155,76)
(137,81)
(22,6)
(127,77)
(-3,5)
(-24,-36)
(66,-18)
(101,6)
(-72,-53)
(10,-39)
(4,-26)
(50,50)
(49,82)
(-17,-27)
(-35,-23)
(-113,-43)
(-14,-25)
(-15,-24)
(-25,-26)
(-81,-26)
(-75,-5)
(-13,49)
(-146,6)
(-127,86)
(-16,-2)
(-124,-49)
(47,-14)
(96,-17)
(23,-21)
(106,-39)
(104,-27)
(98,-37)
(91,-34)
(82,-39)
(87,-36)
(10,-1)
(-23,64)
(2,0)
(-1,-1)
(1,-1)
(0,-1)
(112,-48)
(1,-2)
(1,-1)
(93,-48)
(-26,-30)
(36,74)
(-87,0)
(-38,-28)
(-20,1)
(-67,-29)
(-112,7)
(-73,21)
(-145,25)
(-1,-2)
(-97,22)
(-87,22)
(-169,-56)
(92,-57)
(26,-64)
(91,32)
(10,-15)
(26,-9)
(-8,-57)
(-10,-40)
(10,-52)
(2,-1)
(125,72)
(58,78)
(46,12)
(-40,61)
(-7,-6)
(39,-54)
(1,-1)
(80,-38)
(-48,-65)
(0,-1)
(0,-1)
(0,-1)
(0,-1)
(58,-57)
(-73,-24)
(-18,-13)
(-43,-2)
(3,-15)
(-1,-15)
(-9,-14)
(-193,-54)
(-168,-60)
(-206,63)
(50,-115)
(42,-114)
(95,93)
(46,-54)
(129,-13)
(206,36)
(3,-2)
(2,-2)
(2,-2)
(2,-2)
(83,-46)
(68,-53)
(51,-59)
(92,57)
(-25,-14)
(36,50)
(-76,54)
(3,-2)
(-1,-1)
(1,-2)
(1,-2)
(38,68)
(-90,-17)
(19,54)
(11,52)
(-61,58)
(-6,60)
(-7,-17)
(-64,30)
(-83,22)
(-91,49)
(-173,-14)
(1,-116)
(77,-128)
(155,-81)
(2,-2)
(62,-103)
(2,-2)
(-6,-95)
(2,-2)
(2,-2)
(95,38)
(-29,43)
(32,-8)
(33,-7)
(75,42)
(1,-2)
(46,41)
(1,-2)
(1,-2)
(1,-2)
(1,-2)
(0,-2)
(-2,-2)
(0,-2)
(0,-2)
(0,-2)
(-45,-4)
(-99,-80)
(-53,-52)
(-102,3)
(-164,79)
(-98,-30)
(-152,-75)
(3,-2)
(36,110)
(120,-51)
(61,-39)
(2,-2)
(2,-2)
(126,-47)
(2,-2)
(2,-2)
(-9,-114)
(69,38)
(69,-20)
(2,-3)
(1,-2)
(91,40)
(1,-2)
(1,-2)
(1,-2)
(-140,-95)
(-137,-93)
(-15,-2)
(-55,-105)
(-165,-94)
(-138,-116)
(-181,-92)
(-107,-112)
(-163,-113)
(-133,-113)
(-5,3)
(-218,-112)
(-18,-61)
(-30,-101)
(98,-29)
(193,39)
(3,-2)
(127,-48)
(72,29)
(2,-2)
(22,-39)
(2,-2)
(44,12)
(2,-2)
(113,35)
(-2,3)
(1,-2)
(34,-62)
(-56,-70)
(-94,-57)
(1,-2)
(-133,-101)
(-56,24)
(0,-2)
(0,-2)
(33,-73)
(1,-2)
(47,-47)
(38,-47)
(33,-47)
(-161,-107)
(-193,80)
(23,-16)
(-59,-101)
(4,-124)
(-80,-100)
(50,-101)
(3,-3)
(3,-3)
(123,-53)
(16,-100)
(3,-3)
(2,-2)
(158,54)
(-19,36)
(2,-3)
(14,-20)
(13,-20)
(-26,-98)
(-21,-98)
(1,-2)
(1,-2)
(1,-3)
(0,-2)
(85,-65)
(1,-3)
(52,-50)
(0,-3)
(1,-3)
(0,-3)
(0,-3)
(-40,-29)
(-117,-42)
(-181,91)
(-63,-109)
(-55,-125)
(-205,-130)
(-110,69)
(3,-3)
(3,-3)
(7,-110)
(3,-3)
(2,-3)
(3,-3)
(2,-3)
(2,-3)
(2,-3)
(-3,21)
(2,-3)
(2,-3)
(39,-94)
(-14,-53)
(1,-3)
(1,-3)
(1,-3)
(57,-21)
(1,-3)
(-43,-160)
(1,-3)
(64,-120)
(-157,-144)
(32,-124)
(-7,-3)
(0,-3)
(-1,-2)
(-14,-159)
(-131,-138)
(-131,-156)
(-58,-160)
(-19,-74)
(227,-136)
(238,-6)
(216,5)
(214,-17)
(215,-11)
(3,-3)
(3,-3)
(2,-3)
(1,-1)
(2,-3)
(-1,2)
(34,7)
(103,13)
(1,-3)
(1,-3)
(114,-124)
(1,-3)
(1,-3)
(82,-74)
(1,-3)
(13,-2)
(-3,-3)
(-2,-3)
(-1,-3)
(-21,-4)
(0,-3)
(-137,-45)
(-49,-6)
(-15,-137)
(-34,-117)
(-14,-168)
(-95,-149)
(232,-143)
(236,-81)
(3,-3)
(3,-3)
(3,-3)
(93,-109)
(8,-5)
(2,-3)
(2,-3)
(3,-5)
(57,-119)
(108,2)
(-36,-6)
(1,-3)
(22,-1)
(94,-65)
(1,-3)
(1,-3)
(-89,-5)
(-97,-3)
(-106,0)
(-114,0)
(-122,0)
(-128,-3)
(-140,-2)
(-145,-2)
(-151,-3)
(-1,-4)
(6,-176)
(-210,-161)
(-227,-164)
(-68,-133)
(4,-4)
(3,-4)
(124,50)
(215,-33)
(3,-3)
(151,-10)
(8,-11)
(8,-12)
(9,-14)
(1,-2)
(24,-28)
(63,-12)
(78,-78)
(34,-121)
(-7,-109)
(10,-96)
(1,-4)
(-46,-76)
(12,-11)
(22,-9)
(-7,-7)
(0,-8)
(-123,-8)
(-130,-11)
(-137,-10)
(-143,-10)
(-122,-124)
(-53,49)
(-194,-159)
(-110,-161)
(-19,-98)
(-234,-166)
(220,-101)
(224,-148)
(212,-190)
(-5,-172)
(3,-4)
(150,-16)
(14,-21)
(6,-9)
(12,-20)
(-25,-3)
(-46,33)
(53,-11)
(2,-4)
(1,-4)
(79,-10)
(1,-4)
(1,-4)
(1,-4)
(1,-4)
(-26,-70)
(-21,-15)
(32,-13)
(-42,-68)
(1,-5)
(-1,-3)
(0,-4)
(-1,-4)
(-28,-48)
(-11,-116)
(-180,-191)
(-227,-179)
(-103,-40)
(233,-21)
(4,-4)
(3,-4)
(3,-4)
(22,-154)
(3,-4)
(18,-27)
(20,-32)
(-2,3)
(3,-4)
(2,-4)
(2,-4)
(-37,-25)
(92,-25)
(-62,-24)
(1,-4)
(-79,-18)
(1,-4)
(1,-4)
(1,-4)
(-126,7)
(-99,-17)
(0,-4)
(0,-4)
(0,-4)
(0,-4)
(-1,-5)
(-73,-104)
(0,-3)
(-3,-110)
(-231,-181)
(-24,-164)
(33,-26)
(3,-4)
(213,28)
(31,-32)
(19,-29)
(25,-37)
(15,-23)
(29,-55)
(32,-99)
(-13,-120)
(105,-9)
(2,-5)
(36,-31)
(2,-4)
(8,-4)
(3,-4)
(1,-4)
(1,-4)
(-85,-68)
(-43,-84)
(0,-4)
(0,-4)
(0,-4)
(-101,-100)
(-5,-19)
(0,-5)
(-75,-139)
(-129,-103)
(-122,-20)
(-22,-170)
(-16,-39)
(-5,-55)
(199,-92)
(188,-91)
(195,-2)
(4,-5)
(27,-40)
(25,-38)
(12,-19)
(-7,-9)
(12,-40)
(14,-194)
(9,-194)
(155,-128)
(69,-216)
(9,-4)
(2,-5)
(2,-5)
(1,-5)
(55,-38)
(1,-5)
(1,-5)
(1,-5)
(1,-5)
(0,-5)
(-79,-74)
(-110,-103)
(-112,-103)
(-71,-31)
(-149,-101)
(-1,-5)
(-57,-199)
(-9,-75)
(-91,-196)
(159,-213)
(231,-92)
(226,-75)
(31,-45)
(34,-51)
(19,-47)
(-1,-8)
(-20,-19)
(2,-5)
(98,-191)
(140,-210)
(136,-202)
(-26,-7)
(-102,-216)
(-34,-8)
(1,-5)
(1,-5)
(1,-5)
(1,-5)
(0,-5)
(-120,-165)
(-28,-128)
(-38,-103)
(-119,-12)
(-25,-221)
(-96,-224)
(-193,-114)
(-33,14)
(1,-8)
(-67,-179)
(-215,-207)
(-94,-222)
(188,-78)
(232,-60)
(4,-5)
(21,-30)
(28,-43)
(29,-55)
(144,-58)
(3,-6)
(18,-13)
(-1,-7)
(160,-202)
(151,-92)
(144,-93)
(138,-198)
(135,-198)
(-119,-65)
(1,-5)
(75,-60)
(1,-6)
(1,-6)
(9,-108)
(0,-232)
(-97,-185)
(-106,-221)
(-20,12)
(27,-60)
(23,-85)
(-189,-46)
(-7,-72)
(-220,-128)
(-113,-187)
(-2,-6)
(181,-85)
(8,-11)
(9,-12)
(17,-24)
(28,-43)
(95,-162)
(12,-23)
(1,-2)
(54,-14)
(136,-224)
(-21,0)
(-20,-9)
(-9,2)
(-38,-6)
(1,-6)
(2,-6)
(1,-6)
(1,-6)
(2,-6)
(-120,-213)
(53,-169)
(-152,-197)
(-141,-198)
(-139,-135)
(0,-6)
(21,-70)
(37,-80)
(11,-60)
(-63,-231)
(-172,-125)
(-153,-184)
(-89,-96)
(4,-6)
(13,-17)
(19,-26)
(36,-54)
(7,-11)
(30,-195)
(178,-46)
(191,-214)
(53,-21)
(-66,-82)
(33,-21)
(-85,-83)
(-10,-3)
(-34,-12)
(2,-6)
(1,-6)
(1,-6)
(1,-6)
(-102,-159)
(-148,-140)
(-75,-224)
(61,-178)
(6,-25)
(7,-11)
(44,-77)
(-176,-60)
(17,-216)
(13,-67)
(-22,-89)
(-91,-125)
(-98,-185)
(-144,-114)
