(144,10)
(94,64)
(204,228)
(159,18)
(14,96)
(181,129)
(14,72)
(47,122)
(6,182)
(-16,88)
(-16,90)
(29,122)
(45,116)
(-13,83)
(-23,86)
(-31,78)
(-10,0)
(-54,84)
(-8,0)
(-9,0)
(-1,0)
(-8,5)
(-150,24)
(-118,102)
(-114,78)
(-109,4)
(12,2)
(21,2)
(-24,56)
(-29,136)
(-159,48)
(-31,129)
(0,-3)
(0,-4)
(0,-3)
(0,-3)
(200,232)
(0,-3)
(52,110)
(0,-3)
(-13,110)
(-10,92)
(38,112)
(-2,-2)
(142,112)
(3,-4)
(-1,-2)
(0,-3)
(-56,8)
(5,-5)
(-1,-2)
(9,-4)
(0,-2)
(-1,-2)
(0,-3)
(-1,-2)
(4,-2)
(0,-2)
(-2,-2)
(3,-2)
(1,-3)
(0,-3)
(0,-3)
(-1,-3)
(0,-3)
(-1,-3)
(227,34)
(211,104)
(0,-3)
(1,-3)
(0,-3)
(89,106)
(1,-4)
(-6,130)
(-9,-4)
(-1,-2)
(0,-3)
(0,-3)
(0,-3)
(-45,66)
(0,-3)
(54,109)
(1,-3)
(0,-3)
(-1,-2)
(-54,16)
(0,-3)
(0,-3)
(0,-3)
(-1,-2)
(-2,10)
(12,12)
(-1,-2)
(-1,-2)
(-21,-2)
(-1,-2)
(0,-3)
(0,-3)
(3,-2)
(181,104)
(-29,156)
(108,98)
(-3,16)
(-1,84)
(-2,0)
(-6,6)
(1,-4)
(-6,14)
(-4,91)
(-6,0)
(0,-3)
(0,-3)
(0,-3)
(0,-3)
(0,-2)
(0,-3)
(0,-2)
(0,-2)
(0,-3)
(0,-3)
(0,-3)
(0,-3)
(22,14)
(7,2)
(6,4)
(-9,14)
(3,12)
(-32,-10)
(0,-3)
(0,-3)
(0,-3)
(0,-2)
(0,-2)
(95,86)
(0,-3)
(-23,30)
(-59,86)
(-2,0)
(0,-2)
(-1,-2)
(-8,3)
(0,-2)
(0,-2)
(0,-3)
(0,-3)
(1,-3)
(0,-3)
(-1,-2)
(-1,-2)
(-1,-2)
(21,-4)
(-1,-2)
(15,-2)
(6,-4)
(12,-6)
(-1,-2)
(0,-4)
(7,4)
(-6,-2)
(-1,-2)
(1,-3)
(0,-3)
(-1,150)
(0,-4)
(0,-3)
(0,-4)
(0,-4)
(5,-10)
(-45,68)
(1,-4)
(1,-4)
(-2,1)
(-1,-2)
(0,-2)
(1,-3)
(0,-2)
(-1,-3)
(0,-3)
(0,-3)
(0,-3)
(-1,-2)
(25,-8)
(18,-6)
(-1,-2)
(14,-16)
(23,-6)
(23,-6)
(13,-8)
(11,-4)
(-1,-2)
(-9,-8)
(-1,-2)
(0,-3)
(1,-3)
(0,-3)
(0,-3)
(0,-3)
(7,92)
(-17,22)
(-51,78)
(-11,14)
(-1,-2)
(4,-6)
(-28,31)
(0,-3)
(-1,2)
(26,-7)
(0,-3)
(0,-3)
(0,-3)
(0,-3)
(0,-3)
(0,-3)
(0,-3)
(-1,-3)
(0,-3)
(0,-3)
(0,-3)
(0,-3)
(0,-3)
(0,-3)
(0,-3)
(0,-3)
(-1,-3)
(89,64)
(0,-3)
(0,-3)
(0,-3)
(0,-2)
(-5,4)
(-44,64)
(-6,6)
(-59,94)
(-2,4)
(-15,20)
(0,-3)
(-1,-3)
(1,-3)
(-1,-3)
(0,-3)
(0,-3)
(0,-3)
(0,-3)
(-1,-3)
(-1,-3)
(0,-3)
(-1,-3)
(0,-3)
(6,-2)
(-21,75)
(0,-3)
(0,-3)
(0,-3)
(0,-3)
(-1,-3)
(-1,-3)
(0,-3)
(0,-3)
(0,-3)
(0,-3)
(-13,16)
(-9,10)
(-32,48)
(-2,0)
(-5,4)
(1,-2)
(0,-3)
(-1,-3)
(0,-3)
(0,-3)
(0,-3)
(0,-3)
(72,92)
(65,70)
(-60,52)
(0,-3)
(0,-3)
(0,-3)
(0,-3)
(0,-3)
(0,-3)
(0,-3)
(0,-3)
(30,6)
(0,-3)
(0,-3)
(-1,-3)
(-1,-3)
(1,-3)
(1,-3)
(0,-3)
(1,-4)
(6,-12)
(-27,40)
(-18,26)
(-20,30)
(-3,4)
(19,54)
(-22,24)
(1,-3)
(0,-3)
(0,-3)
(0,-3)
(0,-3)
(0,-3)
(-1,-3)
(0,-3)
(-113,124)
(0,-2)
(-4,-3)
(-138,122)
(0,-3)
(0,-3)
(16,7)
(-116,131)
(0,-3)
(0,-3)
(-1,-3)
(-147,137)
(-1,-3)
(0,-3)
(0,-3)
(1,-4)
(24,-38)
(-15,20)
(-29,44)
(0,-2)
(5,-1)
(40,-30)
(-6,24)
(51,38)
(59,44)
(-7,-1)
(0,-3)
(0,-3)
(-1,-3)
(0,-3)
(-35,128)
(-1,-3)
(-13,-4)
(-1,-3)
(0,-3)
(-1,-3)
(-1,-3)
(-125,118)
(-134,118)
(-1,-3)
(0,-2)
(0,-3)
(0,-4)
(-145,128)
(-1,-5)
(0,-4)
(-1,-2)
(-1,-2)
(0,-2)
(-1,-3)
(3,-8)
(0,-4)
(1,-3)
(50,-54)
(153,35)
(0,-3)
(37,109)
(0,-3)
(0,-3)
(0,-3)
(-1,-3)
(0,-3)
(0,-3)
(0,-3)
(0,-3)
(0,-3)
(0,-3)
(-1,-2)
(-1,-4)
(0,-3)
(0,-3)
(-1,-3)
(-1,-4)
(15,-2)
(-1,-3)
(-5,-4)
(-1,-3)
(49,8)
(1,-4)
(5,-24)
(0,-3)
(0,-4)
(-29,46)
(56,-47)
(-1,-3)
(112,102)
(167,-96)
(0,-3)
(63,-76)
(0,-3)
(18,-16)
(0,-3)
(0,-3)
(0,-3)
(0,-3)
(0,-3)
(-4,-3)
(54,145)
(14,-28)
(1,-4)
(0,-3)
(51,0)
(1,-3)
(22,-2)
(-12,-4)
(-18,-4)
(-16,-4)
(-16,-4)
(-38,-5)
(4,26)
(2,-6)
(36,-86)
(-13,18)
(3,-8)
(-15,22)
(0,-4)
(3,-8)
(1,-4)
(0,-3)
(140,-104)
(0,-3)
(0,-3)
(0,-3)
(0,-3)
(0,-4)
(-1,-3)
(0,-3)
(0,-3)
(-1,-3)
(0,-3)
(0,-4)
(2,-6)
(48,12)
(7,-6)
(-14,-2)
(-21,-3)
(24,3)
(3,-1)
(-7,14)
(-3,-1)
(-2,1)
(6,-12)
(-2,0)
(40,-94)
(19,-34)
(4,-10)
(96,-75)
(0,-4)
(2,-6)
(-31,18)
(77,13)
(1,-3)
(1,-3)
(0,-3)
(0,-4)
(0,-3)
(0,-4)
(0,-4)
(0,-3)
(0,-4)
(0,-4)
(0,-4)
(-82,-34)
(49,-9)
(23,-1)
(54,-2)
(29,-6)
(16,6)
(-6,6)
(5,6)
(11,-12)
(-9,-4)
(-39,-1)
(3,-8)
(166,-18)
(-3,2)
(9,-18)
(86,-82)
(24,-38)
(-25,22)
(93,-2)
(86,0)
(1,-4)
(-5,0)
(-26,-53)
(0,-3)
(-26,-61)
(-1,-3)
(-23,-5)
(-44,-6)
(4,2)
(-3,-2)
(-1,-3)
(26,-22)
(46,-6)
(48,-21)
(17,-4)
(34,-9)
(27,-1)
(23,-22)
(2,-1)
(14,-20)
(-4,-16)
(-7,-14)
(-31,-2)
(7,-14)
(48,-106)
(20,-36)
(-3,2)
(0,-4)
(39,-82)
(-17,6)
(6,-32)
(1,-4)
(0,-3)
(-22,-51)
(1,-4)
(33,-87)
(-30,-62)
(0,-4)
(71,70)
(17,-8)
(-21,0)
(-1,-3)
(0,-3)
(-10,2)
(-61,63)
(7,-3)
(8,-3)
(10,-3)
(9,-3)
(-13,-4)
(-37,0)
(-1,-3)
(-5,-4)
(-21,-8)
(-1,-2)
(60,-14)
(4,-10)
(-10,14)
(0,-4)
(47,-88)
(0,-4)
(73,-23)
(0,-4)
(0,-4)
(0,-4)
(1,-4)
(109,-3)
(0,-4)
(0,-4)
(-31,-42)
(0,-4)
(0,-4)
(0,-4)
(0,-4)
(35,-1)
(-18,-10)
(0,-4)
(2,-3)
(18,-2)
(11,-2)
(-1,-3)
(-125,-21)
(-133,-86)
(-1,-3)
(0,-4)
(0,-4)
(-1,-3)
(59,-124)
(9,-18)
(-1,-2)
(167,56)
(27,-2)
(25,-86)
(186,-144)
(179,-144)
(0,-4)
(0,-4)
(0,-4)
(0,-4)
(0,-4)
(0,-4)
(89,-9)
(0,-4)
(59,-16)
(0,-4)
(0,-4)
(0,-4)
(0,-4)
(0,-4)
(0,-4)
(0,-4)
(2,-7)
(-8,-7)
(-1,-3)
(-1,-4)
(-89,-25)
(-1,-4)
(0,-3)
(-1,-3)
(38,-66)
(-2,0)
(-5,3)
(1,-4)
(0,-4)
(0,-4)
(15,-76)
(0,-4)
(0,-4)
(-1,-4)
(-1,-4)
(0,-4)
(0,-4)
(0,-4)
(0,-4)
(0,-4)
(0,-4)
(0,-4)
(0,-4)
(0,-4)
(0,-4)
(0,-4)
(0,-4)
(-173,-40)
(0,-4)
(-109,-118)
(-1,-4)
(0,-4)
(-1,-3)
(0,-4)
(0,-4)
(-1,-4)
(1,-4)
(0,-4)
(0,-4)
(0,-4)
(0,-4)
(0,-4)
(0,-4)
(0,-4)
(78,-30)
(0,-4)
(0,-4)
(0,-4)
(0,-4)
(0,-4)
(0,-4)
(0,-4)
(0,-4)
(69,-48)
(0,-4)
(0,-4)
(0,-4)
(0,-4)
(0,-4)
(0,-4)
(0,-3)
(0,-4)
(0,-4)
(0,-4)
(0,-4)
(0,-4)
(0,-4)
(-1,-4)
(4,-10)
(0,-4)
(0,-4)
(0,-4)
(0,-4)
(0,-4)
(0,-4)
(0,-4)
(0,-4)
(0,-4)
(0,-4)
(87,30)
(0,-4)
(0,-4)
(0,-4)
(0,-4)
(0,-4)
(0,-4)
(0,-4)
(0,-4)
(0,-4)
(0,-4)
(-1,-4)
(0,-4)
(-1,-4)
(0,-4)
(0,-4)
(0,-4)
(0,-4)
(0,-4)
(0,-4)
(-1,-4)
(71,-120)
(0,-4)
(0,-4)
(0,-4)
(0,-4)
(0,-4)
(0,-4)
(0,-4)
(0,-4)
(0,-4)
(0,-4)
(0,-4)
(21,-3)
(-4,-4)
(0,-4)
(0,-4)
(0,-4)
(0,-4)
(0,-4)
(0,-4)
(0,-4)
(0,-4)
(0,-4)
(-1,-4)
(0,-4)
(0,-4)
(0,-4)
(0,-4)
(0,-4)
(-1,-4)
(0,-3)
(-1,-3)
(230,-54)
(1,-4)
(0,-4)
(182,-174)
(-1,-4)
(0,-4)
(0,-4)
(0,-4)
(0,-4)
(0,-4)
(0,-4)
(0,-4)
(8,-3)
(-10,-4)
(0,-4)
(-2,-4)
(0,-4)
(0,-4)
(0,-4)
(0,-4)
(0,-4)
(-1,-4)
(0,-4)
(0,-4)
(0,-4)
(0,-4)
(0,-4)
(0,-4)
(0,-4)
(-1,-4)
(-1,-4)
(-1,-4)
(59,-92)
(0,-4)
(1,-4)
(0,-4)
(0,-4)
(0,-4)
(102,-101)
(-7,-5)
(-23,-8)
(0,-4)
(-12,-3)
(-2,-4)
(3,-3)
(-3,-4)
(-12,-4)
(0,-4)
(0,-4)
(0,-4)
(0,-4)
(0,-4)
(0,-4)
(0,-4)
(0,-4)
(0,-4)
(0,-4)
(0,-4)
(0,-4)
(-1,-4)
(0,-4)
(-1,-4)
(0,-4)
(-1,-4)
(1,-4)
(0,-4)
(1,-4)
(0,-4)
(11,-4)
(1,-4)
(158,-115)
(0,-4)
(11,6)
(0,-4)
(10,-2)
(-17,-7)
(-1,-4)
(0,-4)
(0,-4)
(107,-72)
(0,-4)
(41,-66)
(0,-4)
(0,-4)
(0,-4)
(0,-4)
(-1,-4)
(0,-4)
(0,-4)
(0,-4)
(0,-4)
(-1,-4)
(-1,-4)
(-1,-4)
(-1,-4)
(-1,-4)
(1,-4)
(1,-4)
(0,-4)
(0,-4)
(1,-4)
(206,-122)
(31,-7)
(0,-4)
(183,-128)
(0,-4)
(14,-3)
(136,-128)
(-19,-6)
(0,-4)
(0,-4)
(0,-4)
(0,-4)
(-1,-4)
(0,-4)
(0,-4)
(0,-4)
(0,-4)
(0,-4)
(0,-4)
(0,-4)
(0,-4)
(-1,-4)
(-1,-4)
(-1,-4)
(-1,-4)
(-1,-4)
(-1,-4)
(1,-4)
(0,-4)
(0,-4)
(0,-4)
(0,-4)
(0,-4)
(0,-4)
(0,-4)
(0,-4)
(0,-4)
(0,-4)
(0,-4)
(0,-4)
(0,-4)
(-12,-9)
(0,-4)
(0,-4)
(0,-4)
(0,-4)
(0,-4)
(0,-4)
(0,-4)
(0,-4)
(0,-4)
(0,-4)
(0,-4)
(-1,-4)
(-1,-4)
(-119,-26)
(0,-4)
(-1,-4)
(-1,-4)
(0,-4)
(0,-4)
(0,-4)
(83,-4)
(0,-4)
(0,-4)
(0,-4)
(0,-4)
(-1,-4)
(0,-4)
(0,-4)
(0,-4)
(0,-4)
(-1,-4)
(0,-4)
(0,-4)
(0,-4)
(0,-4)
(0,-4)
(0,-4)
(0,-4)
(0,-4)
(0,-4)
(0,-4)
(-1,-4)
(-1,-4)
(0,-4)
(0,-4)
(-1,-4)
(-1,-4)
(-1,-4)
(-1,-4)
(0,-4)
(0,-4)
(0,-4)
(0,-4)
(0,-4)
(0,-4)
(0,-4)
(0,-4)
(0,-4)
(0,-4)
(0,-4)
(0,-4)
(0,-4)
(0,-4)
(0,-4)
(0,-4)
(0,-4)
(0,-4)
(0,-4)
(0,-4)
(0,-4)
(0,-4)
(-1,-4)
(0,-4)
(-1,-4)
(-119,-24)
(0,-4)
(-1,-4)
(0,-4)
(-1,-4)
(-1,-4)
(-1,-4)
(0,-4)
(1,0)
(0,-4)
(0,-4)
(0,-4)
(0,-4)
(0,-4)
(0,-4)
(0,-4)
(0,-4)
(0,-4)
(0,-4)
(0,-4)
(0,-4)
(0,-4)
(0,-4)
(0,-4)
(0,-4)
(0,-4)
(0,-4)
(0,-4)
(0,-4)
(0,-4)
(-1,-4)
(0,-4)
(-1,-4)
(-1,-4)
(0,-4)
(0,-4)
(-1,-4)
(-1,-4)
(-1,-4)
(45,-12)
(0,-4)
(0,-4)
(0,-4)
(0,-4)
(0,-4)
(0,-4)
(0,-4)
(0,-4)
(0,-4)
(0,-4)
(0,-4)
(-47,-4)
(0,-4)
(-1,-4)
(0,-4)
(0,-4)
(0,-4)
(0,-4)
(0,-4)
(0,-4)
(-1,-4)
(-1,-4)
(0,-4)
(-1,-4)
(-1,-4)
(0,-4)
(-1,-4)
(-1,-4)
(-1,-4)
(-1,-4)
(-61,-163)
