(144,9)
(134,234)
(139,231)
(156,12)
(40,59)
(41,117)
(168,132)
(-10,1)
(164,125)
(92,104)
(32,16)
(-20,140)
(63,126)
(-7,70)
(-12,72)
(-82,15)
(-12,0)
(13,134)
(-8,0)
(-7,2)
(-15,3)
(-57,22)
(-149,24)
(-89,69)
(-86,165)
(-169,157)
(-162,156)
(-138,97)
(-29,55)
(-20,130)
(-166,48)
(-169,46)
(0,-3)
(0,-3)
(0,-3)
(0,-3)
(0,-3)
(0,-3)
(0,-3)
(0,-3)
(0,-3)
(1,-4)
(0,-3)
(0,-3)
(-2,-2)
(0,-3)
(-1,-2)
(1,-4)
(1,-4)
(5,-3)
(0,-3)
(-1,-3)
(-1,-3)
(0,-3)
(-1,-3)
(-1,-3)
(-1,-3)
(-1,-3)
(-1,-3)
(-5,-3)
(0,-3)
(0,-3)
(-1,-3)
(-1,-3)
(0,-4)
(-1,-4)
(-4,-4)
(16,-1)
(0,-3)
(0,-3)
(-1,-2)
(-44,92)
(-1,-2)
(56,-14)
(-1,-2)
(-2,-2)
(0,-3)
(-36,74)
(0,-3)
(0,-3)
(-1,-3)
(-1,-3)
(-1,-3)
(-1,-3)
(-1,-2)
(-1,-3)
(-1,-2)
(-1,-3)
(-1,-3)
(-10,12)
(2,20)
(-1,-2)
(-1,-2)
(9,20)
(5,18)
(-1,-2)
(0,-3)
(0,-3)
(-1,-4)
(-10,-6)
(34,126)
(205,96)
(0,-4)
(-11,40)
(12,-6)
(0,-4)
(-1,-2)
(0,-4)
(-2,-2)
(-1,-2)
(0,-3)
(0,-3)
(-1,-3)
(0,-4)
(-1,-3)
(0,-4)
(-1,-2)
(20,-18)
(0,-3)
(-1,-2)
(-1,-2)
(-1,-2)
(-1,-2)
(-6,-2)
(2,2)
(9,10)
(4,-2)
(-1,-2)
(0,-3)
(0,-3)
(176,214)
(0,-4)
(0,-4)
(-33,86)
(0,-3)
(3,-8)
(2,-6)
(-1,-2)
(0,-3)
(4,-6)
(1,-4)
(0,-3)
(-1,-3)
(-1,-3)
(-1,-3)
(0,-3)
(0,-3)
(-1,-3)
(15,-2)
(4,-2)
(0,-4)
(0,-4)
(8,-8)
(0,-4)
(18,2)
(23,-8)
(17,-6)
(14,0)
(7,4)
(-1,-2)
(0,-3)
(0,-3)
(0,-3)
(0,-4)
(101,152)
(2,-20)
(-1,-2)
(13,-22)
(7,-14)
(-1,-2)
(5,-8)
(-6,0)
(-1,-3)
(0,-3)
(-22,81)
(-1,-3)
(10,-2)
(0,-3)
(0,-3)
(0,-3)
(0,-3)
(0,-4)
(0,-4)
(0,-4)
(0,-4)
(10,-12)
(0,-4)
(22,-16)
(6,-16)
(0,-4)
(-4,-18)
(-10,-28)
(0,-3)
(0,-3)
(-1,-3)
(0,-3)
(0,-3)
(-12,26)
(10,-2)
(16,-28)
(4,-10)
(3,-8)
(135,82)
(0,-4)
(-1,-3)
(-42,26)
(-14,72)
(0,-3)
(-1,-3)
(-1,-3)
(0,-3)
(-1,-3)
(0,-3)
(-1,-3)
(-1,-3)
(0,-3)
(-1,-3)
(-1,-3)
(-1,-3)
(0,-3)
(-1,-3)
(-1,-3)
(-1,-3)
(-2,-3)
(0,-4)
(0,-3)
(-1,-3)
(0,-4)
(0,-4)
(13,-22)
(19,-32)
(3,-8)
(-1,-2)
(16,-19)
(2,64)
(-22,16)
(-1,-3)
(-1,-3)
(0,-3)
(-1,-3)
(0,-3)
(0,-3)
(-1,-3)
(-1,-3)
(-1,-3)
(0,-3)
(0,-3)
(-1,-3)
(0,-3)
(-1,-3)
(-1,-2)
(0,-3)
(-1,-3)
(-1,-3)
(-1,-3)
(-1,-3)
(0,-4)
(0,-3)
(0,-3)
(0,-4)
(24,-38)
(28,-44)
(16,-28)
(0,-4)
(13,-19)
(-11,12)
(0,-3)
(0,-3)
(0,-3)
(-1,-3)
(0,-3)
(-1,-3)
(-1,-3)
(67,69)
(-1,-3)
(-1,-3)
(53,18)
(34,176)
(-1,-3)
(0,-3)
(-1,-3)
(-1,-3)
(-78,7)
(-138,140)
(5,11)
(-1,-3)
(-1,-3)
(-1,-3)
(0,-3)
(0,-4)
(0,-4)
(-8,42)
(25,-24)
(0,-4)
(20,-34)
(6,-12)
(11,44)
(20,-31)
(0,-4)
(-5,0)
(0,-3)
(127,21)
(-1,-3)
(0,-3)
(-1,-3)
(-1,-3)
(-1,-3)
(0,-3)
(0,-4)
(0,-3)
(-1,-4)
(0,-3)
(51,12)
(-1,-3)
(-122,130)
(-1,-3)
(14,7)
(-200,127)
(-1,4)
(-1,-3)
(22,107)
(0,-4)
(21,-34)
(0,-4)
(1,-4)
(14,-26)
(0,-4)
(30,-28)
(0,-4)
(0,-4)
(10,-7)
(110,38)
(2,-4)
(0,-4)
(0,-4)
(-1,-3)
(-1,-3)
(-1,-3)
(-1,-4)
(-1,-3)
(0,-4)
(0,-4)
(0,-4)
(5,-3)
(-106,122)
(37,-9)
(17,-3)
(9,-3)
(19,-9)
(-173,119)
(-183,119)
(-1,-3)
(0,-3)
(75,32)
(0,-4)
(0,-4)
(-1,-2)
(10,-20)
(0,-4)
(0,-3)
(0,-3)
(-1,-3)
(0,-3)
(1,-3)
(0,-4)
(0,-3)
(-1,-3)
(0,-3)
(-1,-3)
(0,-3)
(0,-3)
(0,-3)
(0,-3)
(0,-3)
(5,-13)
(-2,-3)
(51,0)
(-1,-3)
(36,-1)
(-33,-9)
(15,-3)
(5,-3)
(-1,-4)
(-1,-3)
(185,44)
(-1,-2)
(35,-56)
(35,-58)
(36,-60)
(-7,8)
(13,-21)
(-54,74)
(0,-4)
(0,-4)
(0,-3)
(0,-4)
(0,-3)
(0,-3)
(0,-3)
(0,-4)
(0,-4)
(0,-4)
(-1,-3)
(-3,-4)
(0,-4)
(0,-4)
(0,-4)
(0,-3)
(6,18)
(41,10)
(25,-2)
(20,-2)
(-13,-4)
(-42,-6)
(4,-3)
(-57,-7)
(0,-4)
(-1,-2)
(156,0)
(37,-62)
(26,-46)
(40,-53)
(0,-3)
(2,-6)
(0,-4)
(0,-4)
(0,-3)
(0,-3)
(-1,-3)
(-1,-3)
(0,-3)
(0,-4)
(-1,-3)
(0,-4)
(-1,-4)
(0,-4)
(0,-3)
(-1,-3)
(39,5)
(11,-6)
(20,-8)
(-23,4)
(4,6)
(-14,12)
(9,-5)
(5,0)
(-5,0)
(-11,-3)
(3,-8)
(26,-44)
(30,-52)
(-17,24)
(0,-4)
(40,-60)
(7,8)
(-1,-2)
(0,-4)
(-2,-2)
(141,11)
(0,-4)
(-3,-3)
(-1,-3)
(0,-3)
(-26,-6)
(0,-3)
(-2,-4)
(0,-3)
(1,-4)
(26,-17)
(25,-10)
(15,-9)
(12,-11)
(24,-3)
(32,-16)
(-14,2)
(20,-17)
(16,1)
(8,-11)
(-4,-7)
(-2,-2)
(48,-60)
(42,-70)
(44,-74)
(6,-14)
(0,-4)
(75,0)
(0,-4)
(190,-20)
(0,-4)
(0,-4)
(1,-4)
(2,-4)
(0,-4)
(0,-4)
(0,-4)
(-4,-2)
(0,-4)
(4,-3)
(0,-4)
(-2,-2)
(43,-19)
(0,-4)
(2,-3)
(-10,-4)
(-1,-3)
(-2,-3)
(5,-3)
(-158,-6)
(-12,-3)
(9,-22)
(-4,-18)
(-1,-4)
(34,-56)
(44,-74)
(0,-4)
(17,-32)
(22,-28)
(168,19)
(100,-12)
(0,-4)
(0,-4)
(-1,-4)
(-1,-83)
(0,-4)
(0,-4)
(0,-4)
(0,-3)
(-1,-4)
(0,-4)
(-1,-4)
(-1,-4)
(-1,-4)
(-1,-4)
(0,-4)
(-1,-4)
(19,-2)
(14,-3)
(-78,-19)
(-18,1)
(-128,-93)
(-4,-2)
(-6,0)
(-1,-4)
(-1,-3)
(54,-90)
(0,-4)
(0,-4)
(29,-34)
(160,-85)
(0,-4)
(0,-4)
(0,-4)
(0,-4)
(0,-4)
(0,-4)
(0,-4)
(0,-4)
(0,-4)
(0,-4)
(-1,-4)
(-1,-4)
(-1,-4)
(-1,-4)
(-1,-4)
(-1,-4)
(0,-4)
(7,-8)
(10,-13)
(-2,-4)
(16,-8)
(-126,-96)
(-96,-23)
(-1,-4)
(-2,-3)
(-1,-4)
(-198,-27)
(0,-4)
(0,-4)
(31,-40)
(0,-4)
(0,-4)
(0,-4)
(6,-4)
(0,-4)
(0,-4)
(0,-4)
(-1,-4)
(0,-4)
(0,-4)
(0,-4)
(0,-4)
(0,-4)
(0,-4)
(-1,-4)
(0,-4)
(0,-4)
(-1,-4)
(-1,-4)
(-1,-4)
(-1,-4)
(-1,-4)
(-1,-4)
(-2,-4)
(0,-4)
(0,-4)
(-1,-4)
(-1,-4)
(-1,-4)
(0,-4)
(-1,-2)
(81,-122)
(0,-4)
(0,-4)
(0,-4)
(0,-4)
(0,-4)
(0,-4)
(0,-4)
(0,-4)
(0,-4)
(0,-4)
(0,-4)
(0,-4)
(0,-4)
(0,-4)
(-1,-4)
(-1,-4)
(-1,-4)
(-1,-4)
(-1,-4)
(-1,-4)
(-1,-4)
(-1,-4)
(-1,-4)
(-1,-4)
(-1,-4)
(-1,-4)
(-1,-4)
(-1,-4)
(-1,-4)
(0,-4)
(0,-4)
(0,-4)
(0,-4)
(0,-4)
(0,-4)
(0,-4)
(0,-4)
(0,-4)
(0,-4)
(0,-4)
(0,-4)
(0,-4)
(0,-4)
(0,-4)
(0,-4)
(0,-4)
(0,-4)
(-1,-4)
(-1,-4)
(0,-4)
(-1,-4)
(-1,-4)
(-1,-4)
(-1,-4)
(-1,-4)
(-1,-4)
(-1,-4)
(-1,-4)
(-1,-4)
(0,-4)
(-1,-4)
(0,-4)
(63,10)
(0,-4)
(0,-4)
(0,-4)
(0,-4)
(0,-4)
(0,-4)
(0,-4)
(0,-4)
(0,-4)
(0,-4)
(0,-4)
(0,-4)
(0,-4)
(0,-4)
(-1,-4)
(0,-4)
(0,-4)
(-1,-4)
(-1,-4)
(-1,-4)
(-1,-4)
(-1,-4)
(-1,-4)
(-1,-4)
(-1,-4)
(-1,-4)
(-1,-4)
(-1,-4)
(-1,-4)
(-1,-4)
(96,-146)
(216,-40)
(0,-4)
(0,-4)
(0,-4)
(0,-4)
(0,-4)
(0,-4)
(0,-4)
(0,-4)
(0,-4)
(0,-4)
(0,-4)
(1,-4)
(-1,-4)
(-27,-5)
(-1,-2)
(-1,-4)
(-1,-4)
(-1,-4)
(-1,-4)
(0,-4)
(-1,-4)
(0,-4)
(-1,-4)
(-1,-4)
(-1,-4)
(-1,-4)
(-1,-4)
(-1,-4)
(-1,-4)
(-1,-4)
(64,-36)
(0,-4)
(0,-4)
(0,-4)
(0,-4)
(0,-4)
(7,-2)
(0,-4)
(0,-4)
(-1,-4)
(0,-4)
(0,-4)
(-2,-4)
(0,-4)
(-1,-4)
(-1,-4)
(0,-4)
(0,-4)
(-1,-4)
(-1,-4)
(-1,-4)
(-1,-4)
(-1,-4)
(-1,-4)
(-1,-4)
(-1,-4)
(-1,-4)
(-1,-4)
(-1,-4)
(-1,-4)
(-1,-4)
(-1,-4)
(14,-82)
(0,-4)
(0,-4)
(163,-129)
(155,-114)
(-7,-4)
(0,-4)
(0,-4)
(0,-4)
(0,-4)
(0,-4)
(0,-4)
(0,-4)
(0,-4)
(-1,-4)
(0,-4)
(0,-4)
(-1,-4)
(-1,-4)
(-1,-4)
(-1,-4)
(-1,-4)
(-1,-4)
(-1,-4)
(-1,-4)
(-1,-4)
(-1,-4)
(-1,-4)
(-1,-4)
(-1,-4)
(-1,-4)
(-1,-4)
(0,-4)
(0,-4)
(4,-10)
(0,-4)
(-1,-4)
(-18,-13)
(0,-4)
(0,-4)
(0,-2)
(0,-4)
(5,0)
(0,-4)
(-1,-4)
(-1,-4)
(-1,-4)
(-1,-4)
(0,-4)
(-1,-4)
(-1,-4)
(-1,-4)
(-1,-4)
(-1,-4)
(-1,-4)
(-1,-4)
(0,-4)
(-1,-4)
(-1,-4)
(-1,-4)
(-1,-4)
(-1,-4)
(-1,-4)
(-1,-4)
(0,-4)
(-1,-4)
(0,-4)
(0,-4)
(0,-4)
(0,-4)
(0,-4)
(0,-4)
(0,-4)
(8,-8)
(2,-4)
(-23,-14)
(143,-135)
(136,-135)
(-1,-4)
(-1,-4)
(0,-4)
(-1,-4)
(-1,-4)
(-1,-4)
(-1,-4)
(-1,-4)
(-1,-4)
(-1,-4)
(-1,-4)
(-1,-4)
(-1,-4)
(-1,-4)
(-1,-4)
(-1,-4)
(-1,-4)
(-1,-4)
(0,-4)
(0,-4)
(-1,-4)
(0,-4)
(0,-4)
(0,-4)
(0,-4)
(0,-4)
(-1,-4)
(0,-4)
(-1,-4)
(0,-4)
(0,-4)
(-1,-4)
(-1,-4)
(-1,-4)
(-1,-4)
(-1,-4)
(-1,-4)
(-1,-4)
(-1,-4)
(-1,-4)
(-1,-4)
(-1,-4)
(-1,-4)
(-1,-4)
(-1,-4)
(-1,-4)
(-1,-4)
(-1,-4)
(-1,-4)
(-1,-4)
(0,-4)
(0,-4)
(0,-4)
(0,-4)
(0,-4)
(0,-4)
(0,-4)
(-56,-12)
(-25,0)
(0,-4)
(0,-4)
(-60,-15)
(0,-4)
(0,-4)
(0,-4)
(0,-4)
(-1,-4)
(-1,-4)
(-1,-4)
(0,-4)
(0,-4)
(-1,-4)
(-1,-4)
(-1,-4)
(-1,-4)
(-1,-4)
(-1,-4)
(-1,-4)
(-1,-4)
(-1,-4)
(-1,-4)
(-2,-4)
(0,-4)
(0,-4)
(0,-4)
(1,-5)
(0,-4)
(0,-4)
(0,-4)
(-16,2)
(0,-4)
(-1,-4)
(0,-4)
(-1,-4)
(0,-4)
(-1,-4)
(0,-4)
(0,-4)
(-1,-4)
(-1,-4)
(-1,-4)
(-1,-4)
(-63,-30)
(-1,-4)
(-56,-16)
(-1,-4)
(-129,-33)
(30,-162)
(-1,-4)
(22,-7)
(-1,-4)
(-1,-4)
(-1,-4)
(-1,-4)
(58,0)
(25,-8)
(0,-4)
(0,-4)
(0,-4)
(6,0)
(0,-4)
(30,-2)
(-15,-8)
(-18,-10)
(-36,2)
(-11,-6)
(3,-2)
(-1,-4)
(-1,-4)
(-1,-4)
(-47,-124)
(-1,-4)
(0,-4)
(-1,-4)
(0,-4)
(-1,-4)
(-1,-4)
(-1,-4)
(-1,-4)
(15,-9)
(-1,-4)
(-1,-4)
(-1,-4)
(-1,-4)
(-1,-4)
(-1,-4)
(0,-4)
(-5,-10)
(11,-4)
(68,-10)
(-1,-4)
(1,-5)
(-1,-4)
(0,-4)
(-15,-12)
(0,-4)
(-34,-4)
(-37,-12)
(-1,-4)
(49,-6)
(-1,-4)
(-1,-4)
(-1,-4)
(0,-4)
(-62,-17)
(0,-5)
(-1,-5)
(7,-8)
(-1,-4)
(15,-240)
(-1,-4)
(-1,-4)
(-21,-183)
(-2,-4)
(-1,-4)
(-1,-4)
(-1,-4)
(-1,-4)
