1 1
0 1
1 1
1 1
-1 1
1 1
-2 1
0 2
-4 1
8 1
0 1
-8 2
0 1
8 1
3 1
1 3
-4 4
-11 5
-1 1
3 1
5 1
1 1
1 1
6 1
-1 1
-5 3
-8 1
13 1
2 2
-7 1
-4 5
-5 2
3 2
4 0
0 2
1 0
-1 1
0 1
-5 1
-11 -1
-5 0
1 1
-5 -1
-1 -4
4 0
6 -1
5 0
4 0
6 0
4 0
3 0
4 0
0 0
2 0
0 1
5 -4
1 -5
0 1
-5 1
-1 1
-7 4
2 0
0 -2
-1 -1
1 1
-7 0
7 0
1 1
-1 1
1 0
7 0
1 1
0 1
2 0
7 1
3 0
4 0
2 0
-1 1
-2 3
1 0
-4 2
3 1
1 1
0 2
0 1
11 1
-5 2
4 1
-3 1
1 2
8 1
-2 1
-11 1
6 1
-5 1
1 1
1 2
-1 1
-3 0
0 2
2 1
-1 2
-3 7
-1 1
1 0
-4 4
0 -5
1 0
-1 2
2 0
-4 0
10 0
-1 2
-3 3
0 3
0 2
0 2
1 0
0 0
0 2
3 5
-1 2
-1 1
1 -1
0 0
0 1
-5 1
1 1
3 3
-4 -1
-1 1
2 -1
0 1
-1 1
0 1
-1 2
0 2
-2 4
0 2
1 1
3 -3
0 1
-1 1
-5 0
1 0
-1 2
1 -1
4 -4
0 -1
0 -1
4 -3
0 1
-1 2
0 0
0 1
0 0
1 -1
0 0
-1 1
1 4
0 1
1 2
0 2
0 1
-1 -8
0 1
0 1
0 2
-1 3
1 0
2 0
1 1
0 1
0 1
-1 1
0 1
-1 1
-1 1
0 1
0 1
1 -1
0 0
0 0
0 0
1 -1
1 0
-5 0
0 1
0 -1
-1 1
-8 -6
1 0
0 0
4 -3
1 1
0 0
0 0
0 1
1 0
0 1
0 1
-1 2
0 0
0 0
0 1
-4 1
1 4
4 3
-1 2
6 6
5 5
0 2
1 -1
1 -1
1 0
-4 -2
1 -1
1 -1
0 0
0 0
0 -1
-4 -4
-1 1
1 1
0 2
-1 0
0 1
1 1
0 0
1 -1
1 -1
3 -3
3 -2
1 4
0 -1
-1 1
1 4
-1 2
-1 0
0 3
4 -6
1 0
-1 0
0 -3
2 0
0 2
1 1
0 1
-1 1
1 1
0 2
-1 1
0 1
-2 1
-1 1
1 0
0 -2
0 1
1 0
0 1
0 1
-1 3
0 2
-1 2
0 -2
-8 5
2 0
-2 2
-5 -1
1 0
0 1
1 1
0 0
-7 1
0 1
0 2
0 0
0 0
0 2
5 0
0 0
0 1
1 1
-1 1
-1 1
-5 0
-6 0
1 -4
-3 4
0 1
0 2
0 1
-1 3
0 1
1 0
1 -2
6 0
-1 3
0 0
-1 1
0 0
-1 1
0 0
0 2
1 -4
2 0
-1 1
0 1
5 0
0 1
0 0
-6 0
3 1
1 1
4 0
-5 -3
0 1
-1 1
-7 0
1 1
0 0
1 0
1 0
0 1
1 -1
0 1
4 -4
1 3
1 0
1 0
0 2
1 1
-10 2
0 1
0 0
6 0
4 0
1 1
0 0
1 1
-5 0
-1 1
1 1
1 -5
-1 3
0 4
-1 0
-8 -4
1 1
0 0
-1 1
1 2
0 2
0 1
-1 3
2 0
0 1
0 1
-1 -3
1 0
0 2
3 0
0 0
1 1
0 0
0 1
1 1
0 0
-1 0
-3 1
-1 1
0 1
-1 1
-1 0
-4 0
2 2
2 0
0 2
1 0
-3 1
-11 0
7 1
-1 0
1 2
2 -1
0 1
1 0
0 1
1 0
0 1
2 -2
-3 0
8 4
1 1
0 0
0 0
11 1
1 0
0 1
0 0
-5 1
0 0
-7 0
-1 0
4 -1
-1 1
1 1
1 1
-1 1
-5 0
11 1
-5 0
4 0
0 0
-1 1
1 -1
0 2
0 1
0 1
1 -1
0 1
-8 4
0 2
2 0
-1 2
-2 2
0 -1
0 1
0 1
0 1
0 1
0 0
0 1
-1 0
-1 1
0 0
0 0
-1 1
-1 1
-2 1
-5 1
-3 0
8 8
-3 0
-14 0
0 0
-13 0
1 -1
0 2
0 2
0 1
-1 3
0 1
3 -1
1 0
0 1
0 0
0 1
0 1
-1 1
-1 0
0 1
0 1
0 1
1 0
0 1
-1 1
0 1
1 0
0 10
-1 0
4 6
3 -1
-2 2
6 1
-1 2
12 -4
0 -4
-1 -1
1 -1
-1 2
0 2
0 -1
0 3
-1 2
0 1
1 0
0 1
0 1
-1 4
2 0
0 4
0 0
3 6
7 5
-1 3
-3 0
-1 1
0 0
-1 7
1 0
-1 -1
0 4
5 -2
-5 3
-8 4
4 0
0 4
0 0
-1 -7
-1 0
1 -1
1 0
-1 3
0 1
1 -1
1 0
0 0
0 2
2 -1
2 -1
0 1
4 1
4 -1
0 0
4 0
1 0
0 4
1 0
2 -2
1 0
1 0
6 0
0 1
-8 0
-11 0
-5 0
11 2
3 1
6 2
4 -4
1 8
-1 0
1 -1
0 2
-1 2
0 1
0 1
-1 1
1 0
0 1
1 0
-1 0
0 0
0 0
1 0
0 0
2 1
0 0
0 2
0 0
-1 0
1 0
0 1
-1 1
4 2
2 1
-8 1
-9 0
-1 1
-3 0
-9 6
-3 0
-3 3
-1 1
1 0
1 0
-1 2
1 1
1 0
1 0
1 0
1 0
0 1
-1 1
3 0
0 0
0 0
-1 1
-2 0
0 -4
0 -4
0 -1
0 -1
0 0
0 1
0 0
-8 0
0 -3
0 3
3 0
6 0
-1 1
0 0
0 0
-1 1
-1 1
2 -2
-1 2
0 0
1 -1
0 1
8 0
0 1
1 -1
0 0
0 -2
-3 0
0 0
0 1
0 1
0 1
0 0
0 0
0 0
0 -2
0 0
0 1
-1 3
0 0
0 0
0 1
2 2
0 0
1 1
0 0
-1 1
-1 1
-1 -1
1 -1
1 0
1 -1
0 0
0 0
0 1
0 1
0 0
0 2
0 0
0 0
0 1
0 0
0 0
0 1
-1 0
0 0
0 4
0 0
0 0
0 0
0 0
-1 1
0 1
0 1
0 1
-1 1
-1 1
0 0
-1 1
-1 1
-1 0
1 -1
1 0
0 0
1 0
-3 1
0 2
0 0
0 0
0 0
0 0
0 4
1 0
1 0
-1 0
1 0
0 1
0 1
0 -2
0 0
0 0
-1 1
-1 1
0 0
-3 1
0 1
-1 1
-1 1
1 0
-1 1
0 0
1 1
-1 0
1 -3
1 0
0 1
-1 0
0 0
0 0
0 0
0 1
7 -1
0 0
-1 0
0 0
0 0
4 0
-2 0
-6 0
0 1
1 -1
0 0
-1 3
0 0
-1 0
-2 1
0 0
-1 0
0 0
5 -3
0 0
-1 1
-1 0
0 1
-1 0
1 -9
2 -2
1 0
5 1
-6 0
-1 0
-1 0
0 0
0 0
1 1
0 1
0 0
1 0
-9 0
-11 0
0 0
0 0
0 0
0 0
0 0
0 0
0 0
-1 1
-1 1
0 0
-1 1
0 0
0 0
-1 0
0 0
-1 0
-1 -1
1 -1
1 0
1 0
0 0
-1 0
-1 0
-2 0
-1 0
0 0
-1 0
1 0
0 0
1 1
0 0
-4 0
-7 0
0 0
-1 1
-1 1
2 0
-2 0
0 0
0 0
-1 1
0 0
0 0
0 0
-2 0
0 1
0 1
0 0
-1 1
1 -3
0 0
-1 0
-1 1
1 -2
0 0
2 0
1 1
0 0
-1 0
-1 0
0 0
-2 0
1 1
-4 0
-4 -3
1 0
1 3
-1 0
0 1
-5 -1
-1 0
0 0
0 1
-1 1
-1 0
0 1
-1 1
-1 0
-1 1
-1 1
-1 -1
1 1
-1 0
0 0
0 0
0 0
4 0
1 -3
1 -1
0 0
-1 1
1 3
-1 -1
0 0
0 0
0 0
0 0
-1 0
0 1
1 0
-1 1
-1 1
0 0
0 0
0 0
0 0
0 0
0 0
-3 0
0 0
0 0
0 0
-1 0
2 -1
0 0
-1 0
1 0
1 0
0 0
0 0
-1 0
-2 0
0 0
1 0
1 1
0 0
0 0
-1 0
-2 1
-1 0
0 1
1 0
0 0
-1 0
1 0
0 0
0 -1
-1 0
0 0
-1 0
-2 0
-1 1
8 0
0 0
-1 1
2 0
1 4
1 0
-1 -1
0 0
3 -1
0 0
-1 0
13 0
2 0
2 0
-2 0
0 0
0 0
-1 0
0 -1
0 0
0 0
0 0
0 0
-1 0
-1 0
-1 0
0 0
-1 0
-1 0
0 0
0 0
-1 0
0 0
0 0
-1 0
1 1
0 0
0 0
1 0
0 0
0 0
-4 -2
-2 0
1 -1
1 0
0 0
0 0
0 0
-1 1
0 0
0 1
0 -1
0 0
0 0
-1 0
1 0
3 0
-1 1
-1 1
0 0
1 1
-2 0
-1 0
-1 0
2 0
-1 0
-1 1
1 3
0 -1
1 0
0 4
0 0
0 4
-5 1
1 1
0 0
-1 0
0 0
-2 0
1 0
-1 0
1 0
1 0
0 0
1 -1
0 0
1 0
-4 0
2 0
0 1
0 0
0 0
-6 -1
0 0
-2 0
-2 0
-3 0
0 0
-1 -1
1 -5
1 -1
-1 -1
0 -8
-1 -1
1 -4
0 -1
1 -1
0 -1
0 -3
0 -1
0 -4
1 -4
0 -1
-1 -1
1 -1
1 -1
1 -1
-1 -1
0 -1
0 -1
1 -1
1 -1
1 -1
1 -1
1 -1
-1 -1
-1 -12
1 -1
1 -1
1 -1
-1 -1
