3 1
3 2
-5 3
13 1
5 1
-7 1
5 1
-4 1
-1 1
-3 1
-1 5
-2 1
-1 1
-5 1
2 4
4 1
-7 1
1 1
-1 1
4 1
-1 5
-3 1
3 1
-3 3
3 1
-3 1
8 1
3 1
-3 1
-6 1
-1 1
-1 1
1 1
0 0
2 0
2 0
0 0
-1 0
0 0
1 -4
-3 2
0 -1
-1 0
-1 0
1 -4
3 5
3 -3
0 -1
1 0
0 -1
0 -2
-1 -1
-1 -1
0 -1
0 0
-1 1
0 -1
0 -2
4 0
5 0
0 0
4 0
4 0
-1 -1
1 -2
0 -1
1 0
-1 0
0 -2
0 4
0 0
1 -2
0 -2
1 -2
-1 0
0 -1
0 4
4 -6
-5 3
-1 -1
-3 -1
1 -1
-1 0
0 0
4 0
-1 0
5 -1
4 0
5 -1
0 -1
5 -1
4 0
0 0
5 -1
5 -1
-1 1
1 -8
1 -1
0 -1
0 -2
1 -5
0 0
0 0
0 0
0 -2
0 -2
1 -2
-2 0
0 2
1 -1
-1 -1
5 0
0 -1
2 0
-1 0
0 -1
5 0
5 0
5 0
0 0
3 2
-1 0
0 0
4 0
4 0
-1 0
0 -2
-1 1
1 -1
0 -1
6 -4
0 -2
4 2
0 -1
0 -1
-1 1
0 -2
0 0
0 -1
1 0
-1 0
2 -3
-4 -1
0 0
8 0
-1 -1
1 -1
0 -1
-1 0
5 0
0 -1
-1 -1
0 -2
-4 0
6 -2
0 -1
5 -1
4 0
-1 0
-1 0
1 -1
0 -1
0 -1
0 -1
0 -1
0 -1
1 -2
0 0
0 -2
-1 0
-2 2
1 0
0 -1
-3 -1
-1 -1
1 -1
1 -1
8 0
1 0
0 -1
-1 -1
0 -1
0 -2
7 4
-5 -1
0 0
0 -1
-1 0
-1 -1
0 -1
7 1
-1 -1
1 0
0 -1
0 -1
0 -2
1 -3
0 -2
1 -3
-1 0
-1 0
0 -4
0 0
1 -2
0 -1
-1 -1
0 -1
-1 0
1 -1
1 -1
-3 0
0 -2
0 -1
1 -4
0 -2
0 -1
-1 -1
-14 -8
-1 0
0 -1
2 4
-1 -1
-1 -1
-7 -6
2 0
1 -1
0 -1
0 -2
0 -1
0 -1
0 -2
0 0
0 -2
1 -1
0 -2
1 -1
0 0
3 0
0 -1
0 -1
-1 -1
-4 0
-1 0
-4 0
3 1
0 -1
0 -1
1 -1
-1 -1
1 -1
-1 -1
-2 -1
4 4
0 -1
-7 7
-1 -1
1 -1
0 -1
0 -2
1 -3
1 -3
0 0
0 -2
-2 0
0 1
-4 -1
-4 1
7 -1
-5 0
-1 0
0 -1
0 -1
-2 0
3 1
-1 -1
11 0
0 -3
-1 -1
-1 0
3 -1
1 0
0 0
-2 1
0 -1
-6 0
-3 -1
-6 -3
-6 0
1 -1
0 -2
0 -2
0 -2
1 -2
0 -1
0 0
0 0
-7 1
-1 1
1 1
-1 -1
-3 0
0 -1
1 -1
0 -1
0 -1
-1 -1
0 -1
-1 -1
-2 -7
0 -1
0 -2
1 -2
-2 0
-1 -1
-3 -1
4 0
-3 -1
-2 -2
-2 0
-10 0
1 -2
2 -4
0 -2
1 -2
0 -2
1 -3
0 3
-1 -1
1 -1
0 -1
1 -1
0 0
0 -1
0 -1
-1 -1
0 -1
-1 0
-1 0
3 0
-3 0
0 -1
-5 -2
-1 -1
-1 -1
14 0
-1 -1
14 0
5 0
8 0
0 0
7 0
-1 -1
1 -3
1 -2
1 -2
2 -4
0 -1
0 -1
-2 -1
0 -2
3 -3
1 -2
0 -1
0 -1
-1 0
0 -1
0 -1
0 -2
0 -1
0 -1
0 -1
1 -1
-1 -1
1 -1
-1 1
-4 1
0 12
-1 -1
-1 7
0 5
-3 0
-8 0
-20 0
-6 8
1 -3
0 -2
0 0
0 -1
1 -3
1 -4
1 -5
2 -4
0 -2
0 -3
5 -1
1 -1
3 -1
1 0
0 -1
0 -2
0 -1
3 -1
0 -1
-4 0
0 -1
0 -2
-7 4
4 1
-2 1
-1 -4
0 3
0 -3
8 7
-4 4
-8 -7
-2 0
1 -3
0 -2
0 -2
0 -2
0 -1
0 -10
0 -4
1 -3
-4 -4
1 -2
0 -1
1 -2
-11 2
0 0
1 -2
-4 -2
-8 0
4 4
0 4
3 0
0 2
0 2
2 0
-2 -4
-4 1
9 -4
1 -5
-8 -5
5 -6
0 0
-12 -4
-1 -1
1 -3
0 -1
0 -2
5 -1
1 -2
1 -4
7 -8
0 -2
-2 1
1 -1
0 -1
2 0
-2 0
0 -3
-6 -1
2 -4
-1 -1
-1 0
-3 0
-5 1
0 0
0 -2
0 4
3 -1
1 -1
10 -1
-5 -1
12 -1
3 -1
0 -2
4 -4
-10 -3
1 -3
1 -2
0 0
1 -3
0 -2
0 -1
6 0
1 -1
0 -1
0 -1
-1 -1
1 -1
7 -4
0 -3
0 -1
0 4
0 -3
0 2
0 0
-3 -1
-5 -1
0 -2
2 -1
1 3
8 0
0 -1
0 -3
-1 -4
0 -1
0 -2
-1 -4
-4 -2
1 -4
0 0
1 -2
0 -2
0 -1
2 -3
0 0
-3 -1
-1 -1
1 -2
0 2
0 -2
0 -2
0 -1
-4 -5
0 -2
0 -1
0 -2
4 -4
3 1
0 0
0 -2
0 -7
1 -1
-5 -4
-4 0
0 -2
5 -2
7 -5
-1 -3
0 -2
-10 -16
1 -3
0 -2
1 -3
9 -11
4 -2
-3 0
6 1
0 -1
2 -4
1 -3
0 -1
1 -3
2 -2
0 -2
0 0
0 0
0 -1
0 -4
0 -1
0 -2
0 -2
0 -2
-1 -1
0 -2
-1 -1
2 -2
0 0
-1 -1
-4 4
0 -2
6 -10
-1 1
1 -3
1 -2
0 0
0 -1
0 -1
0 4
1 4
0 -1
4 -7
0 -2
0 -3
-2 0
0 -2
0 -1
0 -2
-1 -1
0 -1
0 2
0 -2
0 -3
0 -2
0 -1
4 -3
0 -1
0 0
-1 -1
-1 -1
-1 -1
-1 -1
-2 0
-2 0
-7 8
1 -3
0 -2
0 -1
0 -2
0 -2
0 -2
0 -2
0 -1
-1 -2
0 -2
1 -2
0 -1
-4 -1
1 -1
-1 -1
-1 -2
0 -1
0 1
-1 -1
0 -2
-1 3
-3 3
0 4
1 4
0 -1
-2 0
0 -2
-7 4
-1 -1
0 -2
1 -1
-1 -1
1 -3
0 -2
0 -2
5 0
10 0
7 0
1 -1
0 -2
1 -2
0 -2
0 -1
0 -2
12 -2
4 -2
-4 -2
-12 -2
0 -2
0 -1
0 -2
0 -4
1 -7
0 -1
-1 -1
2 -2
-1 -1
0 -2
0 3
0 -2
0 -1
-1 -2
1 0
-8 0
1 -3
0 -1
1 -2
9 0
6 0
6 0
5 -1
6 -1
-1 -1
0 -3
-1 -1
0 -1
9 -1
-1 -9
3 -1
-4 -2
-1 -1
0 -2
0 -8
0 -1
5 0
0 -1
0 -1
-1 -1
-4 2
-1 5
-5 3
-1 -1
0 -1
-1 -1
-1 -2
-2 -5
1 -1
0 -1
3 -2
8 0
4 0
-1 -2
7 0
8 0
9 0
7 0
3 -1
0 -1
-7 -1
2 -2
-4 -2
5 1
-1 -2
-1 -1
-1 -1
-1 -1
0 -1
-1 -1
-2 0
0 -2
-1 -1
0 -2
-1 -1
-9 0
0 -2
-1 -2
-1 -2
-1 1
1 -3
5 -2
2 -2
-5 0
0 5
16 0
-9 -8
6 0
5 0
-4 0
-2 4
8 0
5 0
1 -1
7 -2
0 -3
0 -2
0 -1
1 -2
-4 -3
-12 3
-1 -1
-3 0
-3 0
0 -3
0 -1
-1 -2
7 -5
-1 -1
0 -2
-1 -4
-1 -1
2 -10
-7 1
0 -8
0 -1
1 -1
0 -2
1 -2
-2 -2
0 -2
4 -7
-3 -3
-8 -7
0 0
-5 0
0 -2
16 0
0 -1
0 -2
-9 -1
-4 0
-11 0
1 -3
4 0
1 -2
-4 0
3 -1
8 1
2 -2
-1 -2
-1 -2
-1 -2
-1 1
1 1
9 -5
1 -2
10 -4
-4 3
4 0
-4 1
0 2
3 8
-5 4
-1 4
2 -2
-14 0
0 -2
9 -1
3 -2
-1 -2
-13 -5
0 -1
-3 0
0 -3
10 0
-3 -2
0 -2
0 -1
0 -1
-1 -2
0 -1
0 -5
-1 -1
-4 0
-1 -1
1 -2
7 2
-1 0
-4 -5
1 -3
0 -1
-5 0
7 -8
-3 3
-5 0
0 -1
-5 -1
8 0
0 -2
2 -4
-16 -2
-5 0
-1 -2
-1 5
-10 0
0 -2
-1 5
6 0
0 -1
-14 -4
5 -1
0 -2
4 0
-3 -1
0 -2
6 -3
-1 0
3 4
5 0
-3 -3
0 -2
-6 4
-1 -1
4 -2
-8 0
0 -2
-5 5
0 -2
0 -2
1 -10
1 -1
4 -3
-5 -3
-1 -2
1 -2
-3 -1
0 -2
1 -2
-1 -2
3 -4
2 -2
9 -4
1 -2
1 -3
-6 1
-8 0
0 -2
0 -2
-13 4
3 0
-4 0
-3 0
1 -4
8 0
3 3
-4 4
1 2
1 -3
8 0
9 0
-5 -1
-7 -2
3 -1
-18 0
-3 0
0 -2
-5 1
0 -2
10 -1
-1 -1
-7 0
-7 1
4 -4
-5 0
-19 4
0 -1
-3 -1
2 -4
1 -3
3 -4
-10 0
1 3
4 4
-3 0
-3 8
0 6
-4 -8
-5 -5
1 1
-4 0
5 -2
5 -4
-5 0
3 -4
0 -2
-1 -2
-3 1
-1 -2
0 -2
0 -2
-4 0
0 -2
-7 0
4 -4
-6 -1
0 -2
0 -1
0 -2
-1 -2
-3 -1
5 -4
-1 -1
-4 0
3 3
1 -4
-1 0
-4 -5
3 -3
0 -12
0 -3
8 -4
-4 1
-7 -1
-1 1
-5 4
0 -2
0 -2
0 -2
1 -3
0 -2
0 -2
0 -2
0 -3
-4 0
4 0
3 -8
-8 2
-3 -1
2 -2
-7 0
0 -1
1 -4
-2 -1
-5 1
-2 -1
1 -2
0 -2
-1 -1
3 -4
-9 -7
0 -2
7 -1
0 -3
-4 -4
2 -2
-1 -2
0 -4
1 -3
0 -3
0 -2
0 -2
0 -2
0 -2
0 -2
1 -1
-1 -1
1 -1
0 -2
0 -2
0 -2
5 -4
0 -2
-1 -1
0 -2
0 -4
0 -2
-1 -1
